O 0volts
A 0volts_Cube.019
M 1.0000000000000000,0.0000000000000000,0.0000000000000000,0.0000000000000000,0.0000000000000000,1.0000000000000000,-0.0000000437113883,0.0000000000000000,-0.0000000000000000,0.0000000437113883,1.0000000000000000,-0.0000000000000000,0.0000000000000000,0.0000000000000000,0.0000000000000000,1.0000000000000000
M 0.9998477101325989,0.0174524057656527,-0.0000000007628689,-0.0355263426899910,-0.0174524057656527,0.9998477101325989,-0.0000000437047305,-0.0084169739857316,-0.0000000000000000,0.0000000437113883,1.0000000000000000,-0.0000000000000000,0.0000000000000000,0.0000000000000000,0.0000000000000000,1.0000000000000000
M 0.9993908405303955,0.0348994955420494,-0.0000000015255054,-0.0711941793560982,-0.0348994955420494,0.9993908405303955,-0.0000000436847607,-0.0162123553454876,-0.0000000000000000,0.0000000437113883,1.0000000000000000,-0.0000000000000000,0.0000000000000000,0.0000000000000000,0.0000000000000000,1.0000000000000000
M 0.9986295104026794,0.0523359552025795,-0.0000000022876772,-0.1069926545023918,-0.0523359552025795,0.9986295104026794,-0.0000000436514824,-0.0233842022716999,-0.0000000000000000,0.0000000437113883,1.0000000000000000,-0.0000000000000000,0.0000000000000000,0.0000000000000000,0.0000000000000000,1.0000000000000000
M 0.9975640773773193,0.0697564706206322,-0.0000000030491523,-0.1429107934236526,-0.0697564706206322,0.9975640773773193,-0.0000000436049099,-0.0299303345382214,-0.0000000000000000,0.0000000437113883,1.0000000000000000,-0.0000000000000000,0.0000000000000000,0.0000000000000000,0.0000000000000000,1.0000000000000000
M 0.9961947202682495,0.0871557444334030,-0.0000000038096988,-0.1789377480745316,-0.0871557444334030,0.9961947202682495,-0.0000000435450538,-0.0358483418822289,-0.0000000000000000,0.0000000437113883,1.0000000000000000,-0.0000000000000000,0.0000000000000000,0.0000000000000000,0.0000000000000000,1.0000000000000000
M 0.9945219159126282,0.1045284569263458,-0.0000000045690838,-0.2150624692440033,-0.1045284569263458,0.9945219159126282,-0.0000000434719354,-0.0411367565393448,-0.0000000000000000,0.0000000437113883,1.0000000000000000,-0.0000000000000000,0.0000000000000000,0.0000000000000000,0.0000000000000000,1.0000000000000000
M 0.9925461411476135,0.1218693479895592,-0.0000000053270783,-0.2512740492820740,-0.1218693479895592,0.9925461411476135,-0.0000000433855689,-0.0457941405475140,-0.0000000000000000,0.0000000437113883,1.0000000000000000,-0.0000000000000000,0.0000000000000000,0.0000000000000000,0.0000000000000000,1.0000000000000000
M 0.9902680516242981,0.1391731053590775,-0.0000000060834497,-0.2875613570213318,-0.1391731053590775,0.9902680516242981,-0.0000000432859899,-0.0498185530304909,-0.0000000000000000,0.0000000437113883,1.0000000000000000,-0.0000000000000000,0.0000000000000000,0.0000000000000000,0.0000000000000000,1.0000000000000000
M 0.9876883625984192,0.1564344763755798,-0.0000000068379680,-0.3239133358001709,-0.1564344763755798,0.9876883625984192,-0.0000000431732303,-0.0532092750072479,-0.0000000000000000,0.0000000437113883,1.0000000000000000,-0.0000000000000000,0.0000000000000000,0.0000000000000000,0.0000000000000000,1.0000000000000000
M 0.9848077297210693,0.1736481934785843,-0.0000000075904039,-0.3603190183639526,-0.1736481934785843,0.9848077297210693,-0.0000000430473115,-0.0559648647904396,-0.0000000000000000,0.0000000437113883,1.0000000000000000,-0.0000000000000000,0.0000000000000000,0.0000000000000000,0.0000000000000000,1.0000000000000000
M 0.9816271662712097,0.1908089965581894,-0.0000000083405265,-0.3967671990394592,-0.1908089965581894,0.9816271662712097,-0.0000000429082867,-0.0580847188830376,-0.0000000000000000,0.0000000437113883,1.0000000000000000,-0.0000000000000000,0.0000000000000000,0.0000000000000000,0.0000000000000000,1.0000000000000000
M 0.9781476259231567,0.2079116851091385,-0.0000000090881080,-0.4332467913627625,-0.2079116851091385,0.9781476259231567,-0.0000000427561915,-0.0595682635903358,-0.0000000000000000,0.0000000437113883,1.0000000000000000,-0.0000000000000000,0.0000000000000000,0.0000000000000000,0.0000000000000000,1.0000000000000000
M 0.9743700623512268,0.2249510437250137,-0.0000000098329220,-0.4697467684745789,-0.2249510437250137,0.9743700623512268,-0.0000000425910684,-0.0604146793484688,-0.0000000000000000,0.0000000437113883,1.0000000000000000,-0.0000000000000000,0.0000000000000000,0.0000000000000000,0.0000000000000000,1.0000000000000000
M 0.9702957272529602,0.2419219017028809,-0.0000000105747420,-0.5062559843063354,-0.2419219017028809,0.9702957272529602,-0.0000000424129745,-0.0606241226196289,-0.0000000000000000,0.0000000437113883,1.0000000000000000,-0.0000000000000000,0.0000000000000000,0.0000000000000000,0.0000000000000000,1.0000000000000000
M 0.9659258127212524,0.2588190436363220,-0.0000000113133396,-0.5427632927894592,-0.2588190436363220,0.9659258127212524,-0.0000000422219593,-0.0601963698863983,-0.0000000000000000,0.0000000437113883,1.0000000000000000,-0.0000000000000000,0.0000000000000000,0.0000000000000000,0.0000000000000000,1.0000000000000000
M 0.9612616896629333,0.2756373584270477,-0.0000000120484920,-0.5792574882507324,-0.2756373584270477,0.9612616896629333,-0.0000000420180832,-0.0591314882040024,-0.0000000000000000,0.0000000437113883,1.0000000000000000,-0.0000000000000000,0.0000000000000000,0.0000000000000000,0.0000000000000000,1.0000000000000000
M 0.9563047885894775,0.2923716902732849,-0.0000000127799726,-0.6157276034355164,-0.2923716902732849,0.9563047885894775,-0.0000000418014103,-0.0574299991130829,-0.0000000000000000,0.0000000437113883,1.0000000000000000,-0.0000000000000000,0.0000000000000000,0.0000000000000000,0.0000000000000000,1.0000000000000000
M 0.9510565400123596,0.3090170025825500,-0.0000000135075622,-0.6521625518798828,-0.3090170025825500,0.9510565400123596,-0.0000000415720010,-0.0550921261310577,-0.0000000000000000,0.0000000437113883,1.0000000000000000,-0.0000000000000000,0.0000000000000000,0.0000000000000000,0.0000000000000000,1.0000000000000000
M 0.9455185532569885,0.3255681395530701,-0.0000000142310350,-0.6885509490966797,-0.3255681395530701,0.9455185532569885,-0.0000000413299297,-0.0521186292171478,-0.0000000000000000,0.0000000437113883,1.0000000000000000,-0.0000000000000000,0.0000000000000000,0.0000000000000000,0.0000000000000000,1.0000000000000000
M 0.9396926164627075,0.3420201539993286,-0.0000000149501762,-0.7248821258544922,-0.3420201539993286,0.9396926164627075,-0.0000000410752676,-0.0485107302665710,-0.0000000000000000,0.0000000437113883,1.0000000000000000,-0.0000000000000000,0.0000000000000000,0.0000000000000000,0.0000000000000000,1.0000000000000000
M 0.9335804581642151,0.3583679199218750,-0.0000000156647602,-0.7611446380615234,-0.3583679199218750,0.9335804581642151,-0.0000000408080965,-0.0442693233489990,-0.0000000000000000,0.0000000437113883,1.0000000000000000,-0.0000000000000000,0.0000000000000000,0.0000000000000000,0.0000000000000000,1.0000000000000000
M 0.9271838665008545,0.3746065795421600,-0.0000000163745728,-0.7973276972770691,-0.3746065795421600,0.9271838665008545,-0.0000000405284943,-0.0393955558538437,-0.0000000000000000,0.0000000437113883,1.0000000000000000,-0.0000000000000000,0.0000000000000000,0.0000000000000000,0.0000000000000000,1.0000000000000000
M 0.9205048680305481,0.3907311558723450,-0.0000000170794010,-0.8334202766418457,-0.3907311558723450,0.9205048680305481,-0.0000000402365465,-0.0338911116123199,-0.0000000000000000,0.0000000437113883,1.0000000000000000,-0.0000000000000000,0.0000000000000000,0.0000000000000000,0.0000000000000000,1.0000000000000000
M 0.9135454893112183,0.4067366123199463,-0.0000000177790227,-0.8694109916687012,-0.4067366123199463,0.9135454893112183,-0.0000000399323419,-0.0277575254440308,-0.0000000000000000,0.0000000437113883,1.0000000000000000,-0.0000000000000000,0.0000000000000000,0.0000000000000000,0.0000000000000000,1.0000000000000000
M 0.9063077569007874,0.4226182699203491,-0.0000000184732318,-0.9052895307540894,-0.4226182699203491,0.9063077569007874,-0.0000000396159692,-0.0209967494010925,-0.0000000000000000,0.0000000437113883,1.0000000000000000,-0.0000000000000000,0.0000000000000000,0.0000000000000000,0.0000000000000000,1.0000000000000000
M 0.8987940549850464,0.4383711516857147,-0.0000000191618117,-0.9410443902015686,-0.4383711516857147,0.8987940549850464,-0.0000000392875350,-0.0136109441518784,-0.0000000000000000,0.0000000437113883,1.0000000000000000,-0.0000000000000000,0.0000000000000000,0.0000000000000000,0.0000000000000000,1.0000000000000000
M 0.8910065293312073,0.4539905190467834,-0.0000000198445562,-0.9766650199890137,-0.4539905190467834,0.8910065293312073,-0.0000000389471317,-0.0056022703647614,-0.0000000000000000,0.0000000437113883,1.0000000000000000,-0.0000000000000000,0.0000000000000000,0.0000000000000000,0.0000000000000000,1.0000000000000000
M 0.8829475641250610,0.4694715738296509,-0.0000000205212540,-1.0121402740478516,-0.4694715738296509,0.8829475641250610,-0.0000000385948624,0.0030270218849182,-0.0000000000000000,0.0000000437113883,1.0000000000000000,-0.0000000000000000,0.0000000000000000,0.0000000000000000,0.0000000000000000,1.0000000000000000
M 0.8746197223663330,0.4848096072673798,-0.0000000211917008,-1.0474596023559570,-0.4848096072673798,0.8746197223663330,-0.0000000382308407,0.0122739225625992,-0.0000000000000000,0.0000000437113883,1.0000000000000000,-0.0000000000000000,0.0000000000000000,0.0000000000000000,0.0000000000000000,1.0000000000000000
M 0.8660253882408142,0.5000000000000000,-0.0000000218556941,-1.0826122760772705,-0.5000000000000000,0.8660253882408142,-0.0000000378551732,0.0221359729766846,-0.0000000000000000,0.0000000437113883,1.0000000000000000,-0.0000000000000000,0.0000000000000000,0.0000000000000000,0.0000000000000000,1.0000000000000000
M 0.8571673035621643,0.5150381326675415,-0.0000000225130314,-1.1175875663757324,-0.5150381326675415,0.8571673035621643,-0.0000000374679736,0.0326098799705505,-0.0000000000000000,0.0000000437113883,1.0000000000000000,-0.0000000000000000,0.0000000000000000,0.0000000000000000,0.0000000000000000,1.0000000000000000
M 0.8480480909347534,0.5299192667007446,-0.0000000231635067,-1.1523745059967041,-0.5299192667007446,0.8480480909347534,-0.0000000370693591,0.0436926484107971,-0.0000000000000000,0.0000000437113883,1.0000000000000000,-0.0000000000000000,0.0000000000000000,0.0000000000000000,0.0000000000000000,1.0000000000000000
M 0.8386705517768860,0.5446390509605408,-0.0000000238069298,-1.1869628429412842,-0.5446390509605408,0.8386705517768860,-0.0000000366594541,0.0553809702396393,-0.0000000000000000,0.0000000437113883,1.0000000000000000,-0.0000000000000000,0.0000000000000000,0.0000000000000000,0.0000000000000000,1.0000000000000000
M 0.8290376067161560,0.5591928958892822,-0.0000000244430982,-1.2213417291641235,-0.5591928958892822,0.8290376067161560,-0.0000000362383830,0.0676709413528442,-0.0000000000000000,0.0000000437113883,1.0000000000000000,-0.0000000000000000,0.0000000000000000,0.0000000000000000,0.0000000000000000,1.0000000000000000
M 0.8191520571708679,0.5735764503479004,-0.0000000250718237,-1.2555011510848999,-0.5735764503479004,0.8191520571708679,-0.0000000358062735,0.0805591344833374,-0.0000000000000000,0.0000000437113883,1.0000000000000000,-0.0000000000000000,0.0000000000000000,0.0000000000000000,0.0000000000000000,1.0000000000000000
M 0.8090170025825500,0.5877852439880371,-0.0000000256929091,-1.2894302606582642,-0.5877852439880371,0.8090170025825500,-0.0000000353632572,0.0940415859222412,-0.0000000000000000,0.0000000437113883,1.0000000000000000,-0.0000000000000000,0.0000000000000000,0.0000000000000000,0.0000000000000000,1.0000000000000000
M 0.7986354827880859,0.6018150448799133,-0.0000000263061715,-1.3231190443038940,-0.6018150448799133,0.7986354827880859,-0.0000000349094655,0.1081140935420990,-0.0000000000000000,0.0000000437113883,1.0000000000000000,-0.0000000000000000,0.0000000000000000,0.0000000000000000,0.0000000000000000,1.0000000000000000
M 0.7880107760429382,0.6156615018844604,-0.0000000269114189,-1.3565570116043091,-0.6156615018844604,0.7880107760429382,-0.0000000344450442,0.1227723956108093,-0.0000000000000000,0.0000000437113883,1.0000000000000000,-0.0000000000000000,0.0000000000000000,0.0000000000000000,0.0000000000000000,1.0000000000000000
M 0.7771459817886353,0.6293203830718994,-0.0000000275084684,-1.3897340297698975,-0.6293203830718994,0.7771459817886353,-0.0000000339701280,0.1380120515823364,-0.0000000000000000,0.0000000437113883,1.0000000000000000,-0.0000000000000000,0.0000000000000000,0.0000000000000000,0.0000000000000000,1.0000000000000000
M 0.7660444378852844,0.6427875757217407,-0.0000000280971371,-1.4226400852203369,-0.6427875757217407,0.7660444378852844,-0.0000000334848664,0.1538284420967102,-0.0000000000000000,0.0000000437113883,1.0000000000000000,-0.0000000000000000,0.0000000000000000,0.0000000000000000,0.0000000000000000,1.0000000000000000
M 0.7547096014022827,0.6560590267181396,-0.0000000286772508,-1.4552650451660156,-0.6560590267181396,0.7547096014022827,-0.0000000329894050,0.1702165603637695,-0.0000000000000000,0.0000000437113883,1.0000000000000000,-0.0000000000000000,0.0000000000000000,0.0000000000000000,0.0000000000000000,1.0000000000000000
M 0.7431448101997375,0.6691306233406067,-0.0000000292486284,-1.4875992536544800,-0.6691306233406067,0.7431448101997375,-0.0000000324838929,0.1871717870235443,-0.0000000000000000,0.0000000437113883,1.0000000000000000,-0.0000000000000000,0.0000000000000000,0.0000000000000000,0.0000000000000000,1.0000000000000000
M 0.7313537001609802,0.6819983720779419,-0.0000000298110940,-1.5196323394775391,-0.6819983720779419,0.7313537001609802,-0.0000000319684865,0.2046886086463928,-0.0000000000000000,0.0000000437113883,1.0000000000000000,-0.0000000000000000,0.0000000000000000,0.0000000000000000,0.0000000000000000,1.0000000000000000
M 0.7193397879600525,0.6946583986282349,-0.0000000303644825,-1.5513550043106079,-0.6946583986282349,0.7193397879600525,-0.0000000314433422,0.2227618098258972,-0.0000000000000000,0.0000000437113883,1.0000000000000000,-0.0000000000000000,0.0000000000000000,0.0000000000000000,0.0000000000000000,1.0000000000000000
M 0.7071068286895752,0.7071067690849304,-0.0000000309086197,-1.5827572345733643,-0.7071067690849304,0.7071068286895752,-0.0000000309086197,0.2413858473300934,-0.0000000000000000,0.0000000437113883,1.0000000000000000,-0.0000000000000000,0.0000000000000000,0.0000000000000000,0.0000000000000000,1.0000000000000000
M 0.6946583986282349,0.7193397879600525,-0.0000000314433422,-1.6138298511505127,-0.7193397879600525,0.6946583986282349,-0.0000000303644825,0.2605551779270172,-0.0000000000000000,0.0000000437113883,1.0000000000000000,-0.0000000000000000,0.0000000000000000,0.0000000000000000,0.0000000000000000,1.0000000000000000
M 0.6819983720779419,0.7313537001609802,-0.0000000319684865,-1.6445629596710205,-0.7313537001609802,0.6819983720779419,-0.0000000298110940,0.2802639305591583,-0.0000000000000000,0.0000000437113883,1.0000000000000000,-0.0000000000000000,0.0000000000000000,0.0000000000000000,0.0000000000000000,1.0000000000000000
M 0.6691305637359619,0.7431448698043823,-0.0000000324838929,-1.6749477386474609,-0.7431448698043823,0.6691305637359619,-0.0000000292486266,0.3005060553550720,-0.0000000000000000,0.0000000437113883,1.0000000000000000,-0.0000000000000000,0.0000000000000000,0.0000000000000000,0.0000000000000000,1.0000000000000000
M 0.6560589671134949,0.7547096014022827,-0.0000000329894050,-1.7049744129180908,-0.7547096014022827,0.6560589671134949,-0.0000000286772490,0.3212754130363464,-0.0000000000000000,0.0000000437113883,1.0000000000000000,-0.0000000000000000,0.0000000000000000,0.0000000000000000,0.0000000000000000,1.0000000000000000
M 0.6427876353263855,0.7660443782806396,-0.0000000334848629,-1.7346338033676147,-0.7660443782806396,0.6427876353263855,-0.0000000280971406,0.3425654172897339,-0.0000000000000000,0.0000000437113883,1.0000000000000000,-0.0000000000000000,0.0000000000000000,0.0000000000000000,0.0000000000000000,1.0000000000000000
M 0.6293204426765442,0.7771459221839905,-0.0000000339701280,-1.7639174461364746,-0.7771459221839905,0.6293204426765442,-0.0000000275084702,0.3643698394298553,-0.0000000000000000,0.0000000437113883,1.0000000000000000,-0.0000000000000000,0.0000000000000000,0.0000000000000000,0.0000000000000000,1.0000000000000000
M 0.6156615018844604,0.7880107164382935,-0.0000000344450442,-1.7928159236907959,-0.7880107164382935,0.6156615018844604,-0.0000000269114189,0.3866822123527527,-0.0000000000000000,0.0000000437113883,1.0000000000000000,-0.0000000000000000,0.0000000000000000,0.0000000000000000,0.0000000000000000,1.0000000000000000
M 0.6018150448799133,0.7986355423927307,-0.0000000349094691,-1.8213210105895996,-0.7986355423927307,0.6018150448799133,-0.0000000263061715,0.4094954431056976,-0.0000000000000000,0.0000000437113883,1.0000000000000000,-0.0000000000000000,0.0000000000000000,0.0000000000000000,0.0000000000000000,1.0000000000000000
M 0.5877852439880371,0.8090170025825500,-0.0000000353632572,-1.8494231700897217,-0.8090170025825500,0.5877852439880371,-0.0000000256929091,0.4328027665615082,-0.0000000000000000,0.0000000437113883,1.0000000000000000,-0.0000000000000000,0.0000000000000000,0.0000000000000000,0.0000000000000000,1.0000000000000000
M 0.5735765099525452,0.8191519975662231,-0.0000000358062699,-1.8771142959594727,-0.8191519975662231,0.5735765099525452,-0.0000000250718255,0.4565966725349426,-0.0000000000000000,0.0000000437113883,1.0000000000000000,-0.0000000000000000,0.0000000000000000,0.0000000000000000,0.0000000000000000,1.0000000000000000
M 0.5591929554939270,0.8290375471115112,-0.0000000362383830,-1.9043860435485840,-0.8290375471115112,0.5591929554939270,-0.0000000244431000,0.4808705449104309,-0.0000000000000000,0.0000000437113883,1.0000000000000000,-0.0000000000000000,0.0000000000000000,0.0000000000000000,0.0000000000000000,1.0000000000000000
M 0.5446390509605408,0.8386705517768860,-0.0000000366594541,-1.9312299489974976,-0.8386705517768860,0.5446390509605408,-0.0000000238069298,0.5056166648864746,-0.0000000000000000,0.0000000437113883,1.0000000000000000,-0.0000000000000000,0.0000000000000000,0.0000000000000000,0.0000000000000000,1.0000000000000000
M 0.5299192667007446,0.8480480909347534,-0.0000000370693591,-1.9576380252838135,-0.8480480909347534,0.5299192667007446,-0.0000000231635067,0.5308274626731873,-0.0000000000000000,0.0000000437113883,1.0000000000000000,-0.0000000000000000,0.0000000000000000,0.0000000000000000,0.0000000000000000,1.0000000000000000
M 0.5150380730628967,0.8571673035621643,-0.0000000374679736,-1.9836020469665527,-0.8571673035621643,0.5150380730628967,-0.0000000225130297,0.5564953088760376,-0.0000000000000000,0.0000000437113883,1.0000000000000000,-0.0000000000000000,0.0000000000000000,0.0000000000000000,0.0000000000000000,1.0000000000000000
M 0.5000000596046448,0.8660253882408142,-0.0000000378551732,-2.0091140270233154,-0.8660253882408142,0.5000000596046448,-0.0000000218556959,0.5826121568679810,-0.0000000000000000,0.0000000437113883,1.0000000000000000,-0.0000000000000000,0.0000000000000000,0.0000000000000000,0.0000000000000000,1.0000000000000000
M 0.4848096668720245,0.8746196627616882,-0.0000000382308407,-2.0341663360595703,-0.8746196627616882,0.4848096668720245,-0.0000000211917044,0.6091705560684204,-0.0000000000000000,0.0000000437113883,1.0000000000000000,-0.0000000000000000,0.0000000000000000,0.0000000000000000,0.0000000000000000,1.0000000000000000
M 0.4694716036319733,0.8829475641250610,-0.0000000385948624,-2.0587513446807861,-0.8829475641250610,0.4694716036319733,-0.0000000205212558,0.6361620426177979,-0.0000000000000000,0.0000000437113883,1.0000000000000000,-0.0000000000000000,0.0000000000000000,0.0000000000000000,0.0000000000000000,1.0000000000000000
M 0.4539905190467834,0.8910065293312073,-0.0000000389471317,-2.0828616619110107,-0.8910065293312073,0.4539905190467834,-0.0000000198445562,0.6635785102844238,-0.0000000000000000,0.0000000437113883,1.0000000000000000,-0.0000000000000000,0.0000000000000000,0.0000000000000000,0.0000000000000000,1.0000000000000000
M 0.4383711516857147,0.8987940549850464,-0.0000000392875350,-2.1064898967742920,-0.8987940549850464,0.4383711516857147,-0.0000000191618117,0.6914115548133850,-0.0000000000000000,0.0000000437113883,1.0000000000000000,-0.0000000000000000,0.0000000000000000,0.0000000000000000,0.0000000000000000,1.0000000000000000
M 0.4226183593273163,0.9063077569007874,-0.0000000396159692,-2.1296284198760986,-0.9063077569007874,0.4226183593273163,-0.0000000184732354,0.7196525335311890,-0.0000000000000000,0.0000000437113883,1.0000000000000000,-0.0000000000000000,0.0000000000000000,0.0000000000000000,0.0000000000000000,1.0000000000000000
M 0.4067366123199463,0.9135454893112183,-0.0000000399323419,-2.1522707939147949,-0.9135454893112183,0.4067366123199463,-0.0000000177790227,0.7482935190200806,-0.0000000000000000,0.0000000437113883,1.0000000000000000,-0.0000000000000000,0.0000000000000000,0.0000000000000000,0.0000000000000000,1.0000000000000000
M 0.3907311856746674,0.9205048084259033,-0.0000000402365430,-2.1744098663330078,-0.9205048084259033,0.3907311856746674,-0.0000000170794028,0.7773248553276062,-0.0000000000000000,0.0000000437113883,1.0000000000000000,-0.0000000000000000,0.0000000000000000,0.0000000000000000,0.0000000000000000,1.0000000000000000
M 0.3746066391468048,0.9271838665008545,-0.0000000405284943,-2.1960389614105225,-0.9271838665008545,0.3746066391468048,-0.0000000163745764,0.8067383170127869,-0.0000000000000000,0.0000000437113883,1.0000000000000000,-0.0000000000000000,0.0000000000000000,0.0000000000000000,0.0000000000000000,1.0000000000000000
M 0.3583679795265198,0.9335803985595703,-0.0000000408080965,-2.2171511650085449,-0.9335803985595703,0.3583679795265198,-0.0000000156647619,0.8365248441696167,-0.0000000000000000,0.0000000437113883,1.0000000000000000,-0.0000000000000000,0.0000000000000000,0.0000000000000000,0.0000000000000000,1.0000000000000000
M 0.3420201539993286,0.9396926164627075,-0.0000000410752676,-2.2377405166625977,-0.9396926164627075,0.3420201539993286,-0.0000000149501762,0.8666752576828003,-0.0000000000000000,0.0000000437113883,1.0000000000000000,-0.0000000000000000,0.0000000000000000,0.0000000000000000,0.0000000000000000,1.0000000000000000
M 0.3255681395530701,0.9455185532569885,-0.0000000413299297,-2.2578005790710449,-0.9455185532569885,0.3255681395530701,-0.0000000142310350,0.8971804380416870,-0.0000000000000000,0.0000000437113883,1.0000000000000000,-0.0000000000000000,0.0000000000000000,0.0000000000000000,0.0000000000000000,1.0000000000000000
M 0.3090169727802277,0.9510565400123596,-0.0000000415720010,-2.2773251533508301,-0.9510565400123596,0.3090169727802277,-0.0000000135075613,0.9280309677124023,-0.0000000000000000,0.0000000437113883,1.0000000000000000,-0.0000000000000000,0.0000000000000000,0.0000000000000000,0.0000000000000000,1.0000000000000000
M 0.2923716604709625,0.9563047885894775,-0.0000000418014103,-2.2963082790374756,-0.9563047885894775,0.2923716604709625,-0.0000000127799709,0.9592176675796509,-0.0000000000000000,0.0000000437113883,1.0000000000000000,-0.0000000000000000,0.0000000000000000,0.0000000000000000,0.0000000000000000,1.0000000000000000
M 0.2756373882293701,0.9612616896629333,-0.0000000420180832,-2.3147439956665039,-0.9612616896629333,0.2756373882293701,-0.0000000120484929,0.9907307624816895,-0.0000000000000000,0.0000000437113883,1.0000000000000000,-0.0000000000000000,0.0000000000000000,0.0000000000000000,0.0000000000000000,1.0000000000000000
M 0.2588190734386444,0.9659258127212524,-0.0000000422219593,-2.3326272964477539,-0.9659258127212524,0.2588190734386444,-0.0000000113133414,1.0225608348846436,-0.0000000000000000,0.0000000437113883,1.0000000000000000,-0.0000000000000000,0.0000000000000000,0.0000000000000000,0.0000000000000000,1.0000000000000000
M 0.2419219017028809,0.9702957272529602,-0.0000000424129745,-2.3499522209167480,-0.9702957272529602,0.2419219017028809,-0.0000000105747420,1.0546982288360596,-0.0000000000000000,0.0000000437113883,1.0000000000000000,-0.0000000000000000,0.0000000000000000,0.0000000000000000,0.0000000000000000,1.0000000000000000
M 0.2249510437250137,0.9743700623512268,-0.0000000425910684,-2.3667135238647461,-0.9743700623512268,0.2249510437250137,-0.0000000098329220,1.0871331691741943,-0.0000000000000000,0.0000000437113883,1.0000000000000000,-0.0000000000000000,0.0000000000000000,0.0000000000000000,0.0000000000000000,1.0000000000000000
M 0.2079116553068161,0.9781476259231567,-0.0000000427561915,-2.3829066753387451,-0.9781476259231567,0.2079116553068161,-0.0000000090881072,1.1198556423187256,-0.0000000000000000,0.0000000437113883,1.0000000000000000,-0.0000000000000000,0.0000000000000000,0.0000000000000000,0.0000000000000000,1.0000000000000000
M 0.1908089369535446,0.9816271662712097,-0.0000000429082867,-2.3985257148742676,-0.9816271662712097,0.1908089369535446,-0.0000000083405238,1.1528557538986206,-0.0000000000000000,0.0000000437113883,1.0000000000000000,-0.0000000000000000,0.0000000000000000,0.0000000000000000,0.0000000000000000,1.0000000000000000
M 0.1736482232809067,0.9848077297210693,-0.0000000430473115,-2.4135665893554688,-0.9848077297210693,0.1736482232809067,-0.0000000075904047,1.1861231327056885,-0.0000000000000000,0.0000000437113883,1.0000000000000000,-0.0000000000000000,0.0000000000000000,0.0000000000000000,0.0000000000000000,1.0000000000000000
M 0.1564344912767410,0.9876883625984192,-0.0000000431732303,-2.4280247688293457,-0.9876883625984192,0.1564344912767410,-0.0000000068379689,1.2196482419967651,-0.0000000000000000,0.0000000437113883,1.0000000000000000,-0.0000000000000000,0.0000000000000000,0.0000000000000000,0.0000000000000000,1.0000000000000000
M 0.1391731053590775,0.9902680516242981,-0.0000000432859899,-2.4418954849243164,-0.9902680516242981,0.1391731053590775,-0.0000000060834497,1.2534205913543701,-0.0000000000000000,0.0000000437113883,1.0000000000000000,-0.0000000000000000,0.0000000000000000,0.0000000000000000,0.0000000000000000,1.0000000000000000
M 0.1218693256378174,0.9925461411476135,-0.0000000433855689,-2.4551749229431152,-0.9925461411476135,0.1218693256378174,-0.0000000053270774,1.2874298095703125,-0.0000000000000000,0.0000000437113883,1.0000000000000000,-0.0000000000000000,0.0000000000000000,0.0000000000000000,0.0000000000000000,1.0000000000000000
M 0.1045284196734428,0.9945219159126282,-0.0000000434719354,-2.4678583145141602,-0.9945219159126282,0.1045284196734428,-0.0000000045690824,1.3216656446456909,-0.0000000000000000,0.0000000437113883,1.0000000000000000,-0.0000000000000000,0.0000000000000000,0.0000000000000000,0.0000000000000000,1.0000000000000000
M 0.0871558040380478,0.9961947202682495,-0.0000000435450538,-2.4799425601959229,-0.9961947202682495,0.0871558040380478,-0.0000000038097010,1.3561173677444458,-0.0000000000000000,0.0000000437113883,1.0000000000000000,-0.0000000000000000,0.0000000000000000,0.0000000000000000,0.0000000000000000,1.0000000000000000
M 0.0697563961148262,0.9975640773773193,-0.0000000436049099,-2.4914238452911377,-0.9975640773773193,0.0697563961148262,-0.0000000030491489,1.3907753229141235,-0.0000000000000000,0.0000000437113883,1.0000000000000000,-0.0000000000000000,0.0000000000000000,0.0000000000000000,0.0000000000000000,1.0000000000000000
M 0.0523359738290310,0.9986295104026794,-0.0000000436514824,-2.5022983551025391,-0.9986295104026794,0.0523359738290310,-0.0000000022876780,1.4256278276443481,-0.0000000000000000,0.0000000437113883,1.0000000000000000,-0.0000000000000000,0.0000000000000000,0.0000000000000000,0.0000000000000000,1.0000000000000000
M 0.0348994955420494,0.9993908405303955,-0.0000000436847607,-2.5125627517700195,-0.9993908405303955,0.0348994955420494,-0.0000000015255054,1.4606649875640869,-0.0000000000000000,0.0000000437113883,1.0000000000000000,-0.0000000000000000,0.0000000000000000,0.0000000000000000,0.0000000000000000,1.0000000000000000
M 0.0174523834139109,0.9998477101325989,-0.0000000437047305,-2.5222146511077881,-0.9998477101325989,0.0174523834139109,-0.0000000007628679,1.4958759546279907,-0.0000000000000000,0.0000000437113883,1.0000000000000000,-0.0000000000000000,0.0000000000000000,0.0000000000000000,0.0000000000000000,1.0000000000000000
M -0.0000000437113883,1.0000000000000000,-0.0000000437113883,-2.5312500000000000,-1.0000000000000000,-0.0000000437113883,0.0000000000000019,1.5312501192092896,-0.0000000000000000,0.0000000437113883,1.0000000000000000,-0.0000000000000000,0.0000000000000000,0.0000000000000000,0.0000000000000000,1.0000000000000000
M -0.0174524709582329,0.9998477101325989,-0.0000000437047305,-2.5396668910980225,-0.9998477101325989,-0.0174524709582329,0.0000000007628717,1.5667765140533447,-0.0000000000000000,0.0000000437113883,1.0000000000000000,-0.0000000000000000,0.0000000000000000,0.0000000000000000,0.0000000000000000,1.0000000000000000
M -0.0348994620144367,0.9993908405303955,-0.0000000436847607,-2.5474622249603271,-0.9993908405303955,-0.0348994620144367,0.0000000015255039,1.6024441719055176,-0.0000000000000000,0.0000000437113883,1.0000000000000000,-0.0000000000000000,0.0000000000000000,0.0000000000000000,0.0000000000000000,1.0000000000000000
M -0.0523360595107079,0.9986295104026794,-0.0000000436514824,-2.5546343326568604,-0.9986295104026794,-0.0523360595107079,0.0000000022876818,1.6382428407669067,-0.0000000000000000,0.0000000437113883,1.0000000000000000,-0.0000000000000000,0.0000000000000000,0.0000000000000000,0.0000000000000000,1.0000000000000000
M -0.0697564780712128,0.9975640773773193,-0.0000000436049099,-2.5611803531646729,-0.9975640773773193,-0.0697564780712128,0.0000000030491525,1.6741608381271362,-0.0000000000000000,0.0000000437113883,1.0000000000000000,-0.0000000000000000,0.0000000000000000,0.0000000000000000,0.0000000000000000,1.0000000000000000
M -0.0871557667851448,0.9961947202682495,-0.0000000435450538,-2.5670983791351318,-0.9961947202682495,-0.0871557667851448,0.0000000038096997,1.7101877927780151,-0.0000000000000000,0.0000000437113883,1.0000000000000000,-0.0000000000000000,0.0000000000000000,0.0000000000000000,0.0000000000000000,1.0000000000000000
M -0.1045285090804100,0.9945219159126282,-0.0000000434719354,-2.5723867416381836,-0.9945219159126282,-0.1045285090804100,0.0000000045690864,1.7463126182556152,-0.0000000000000000,0.0000000437113883,1.0000000000000000,-0.0000000000000000,0.0000000000000000,0.0000000000000000,0.0000000000000000,1.0000000000000000
M -0.1218694075942039,0.9925461411476135,-0.0000000433855689,-2.5770442485809326,-0.9925461411476135,-0.1218694075942039,0.0000000053270810,1.7825241088867188,-0.0000000000000000,0.0000000437113883,1.0000000000000000,-0.0000000000000000,0.0000000000000000,0.0000000000000000,0.0000000000000000,1.0000000000000000
M -0.1391731947660446,0.9902680516242981,-0.0000000432859899,-2.5810685157775879,-0.9902680516242981,-0.1391731947660446,0.0000000060834537,1.8188115358352661,-0.0000000000000000,0.0000000437113883,1.0000000000000000,-0.0000000000000000,0.0000000000000000,0.0000000000000000,0.0000000000000000,1.0000000000000000
M -0.1564344465732574,0.9876883625984192,-0.0000000431732303,-2.5844593048095703,-0.9876883625984192,-0.1564344465732574,0.0000000068379666,1.8551633358001709,-0.0000000000000000,0.0000000437113883,1.0000000000000000,-0.0000000000000000,0.0000000000000000,0.0000000000000000,0.0000000000000000,1.0000000000000000
M -0.1736481934785843,0.9848077297210693,-0.0000000430473115,-2.5872149467468262,-0.9848077297210693,-0.1736481934785843,0.0000000075904039,1.8915690183639526,-0.0000000000000000,0.0000000437113883,1.0000000000000000,-0.0000000000000000,0.0000000000000000,0.0000000000000000,0.0000000000000000,1.0000000000000000
M -0.1908090263605118,0.9816271662712097,-0.0000000429082867,-2.5893347263336182,-0.9816271662712097,-0.1908090263605118,0.0000000083405274,1.9280172586441040,-0.0000000000000000,0.0000000437113883,1.0000000000000000,-0.0000000000000000,0.0000000000000000,0.0000000000000000,0.0000000000000000,1.0000000000000000
M -0.2079117447137833,0.9781475663185120,-0.0000000427561879,-2.5908181667327881,-0.9781475663185120,-0.2079117447137833,0.0000000090881107,1.9644969701766968,-0.0000000000000000,0.0000000437113883,1.0000000000000000,-0.0000000000000000,0.0000000000000000,0.0000000000000000,0.0000000000000000,1.0000000000000000
M -0.2249511182308197,0.9743700623512268,-0.0000000425910684,-2.5916647911071777,-0.9743700623512268,-0.2249511182308197,0.0000000098329256,2.0009968280792236,-0.0000000000000000,0.0000000437113883,1.0000000000000000,-0.0000000000000000,0.0000000000000000,0.0000000000000000,0.0000000000000000,1.0000000000000000
M -0.2419219762086868,0.9702957272529602,-0.0000000424129745,-2.5918741226196289,-0.9702957272529602,-0.2419219762086868,0.0000000105747455,2.0375061035156250,-0.0000000000000000,0.0000000437113883,1.0000000000000000,-0.0000000000000000,0.0000000000000000,0.0000000000000000,0.0000000000000000,1.0000000000000000
M -0.2588191628456116,0.9659258127212524,-0.0000000422219593,-2.5914463996887207,-0.9659258127212524,-0.2588191628456116,0.0000000113133449,2.0740134716033936,-0.0000000000000000,0.0000000437113883,1.0000000000000000,-0.0000000000000000,0.0000000000000000,0.0000000000000000,0.0000000000000000,1.0000000000000000
M -0.2756373584270477,0.9612616896629333,-0.0000000420180832,-2.5903813838958740,-0.9612616896629333,-0.2756373584270477,0.0000000120484920,2.1105074882507324,-0.0000000000000000,0.0000000437113883,1.0000000000000000,-0.0000000000000000,0.0000000000000000,0.0000000000000000,0.0000000000000000,1.0000000000000000
M -0.2923717498779297,0.9563047289848328,-0.0000000418014068,-2.5886797904968262,-0.9563047289848328,-0.2923717498779297,0.0000000127799753,2.1469776630401611,-0.0000000000000000,0.0000000437113883,1.0000000000000000,-0.0000000000000000,0.0000000000000000,0.0000000000000000,0.0000000000000000,1.0000000000000000
M -0.3090170323848724,0.9510564804077148,-0.0000000415719974,-2.5863420963287354,-0.9510564804077148,-0.3090170323848724,0.0000000135075631,2.1834125518798828,-0.0000000000000000,0.0000000437113883,1.0000000000000000,-0.0000000000000000,0.0000000000000000,0.0000000000000000,0.0000000000000000,1.0000000000000000
M -0.3255682289600372,0.9455185532569885,-0.0000000413299297,-2.5833687782287598,-0.9455185532569885,-0.3255682289600372,0.0000000142310395,2.2198011875152588,-0.0000000000000000,0.0000000437113883,1.0000000000000000,-0.0000000000000000,0.0000000000000000,0.0000000000000000,0.0000000000000000,1.0000000000000000
M -0.3420202434062958,0.9396926164627075,-0.0000000410752676,-2.5797607898712158,-0.9396926164627075,-0.3420202434062958,0.0000000149501798,2.2561323642730713,-0.0000000000000000,0.0000000437113883,1.0000000000000000,-0.0000000000000000,0.0000000000000000,0.0000000000000000,0.0000000000000000,1.0000000000000000
M -0.3583679497241974,0.9335804581642151,-0.0000000408080965,-2.5755193233489990,-0.9335804581642151,-0.3583679497241974,0.0000000156647602,2.2923946380615234,-0.0000000000000000,0.0000000437113883,1.0000000000000000,-0.0000000000000000,0.0000000000000000,0.0000000000000000,0.0000000000000000,1.0000000000000000
M -0.3746066093444824,0.9271838665008545,-0.0000000405284943,-2.5706455707550049,-0.9271838665008545,-0.3746066093444824,0.0000000163745746,2.3285777568817139,-0.0000000000000000,0.0000000437113883,1.0000000000000000,-0.0000000000000000,0.0000000000000000,0.0000000000000000,0.0000000000000000,1.0000000000000000
M -0.3907311558723450,0.9205048680305481,-0.0000000402365465,-2.5651412010192871,-0.9205048680305481,-0.3907311558723450,0.0000000170794010,2.3646702766418457,-0.0000000000000000,0.0000000437113883,1.0000000000000000,-0.0000000000000000,0.0000000000000000,0.0000000000000000,0.0000000000000000,1.0000000000000000
M -0.4067367017269135,0.9135454297065735,-0.0000000399323383,-2.5590074062347412,-0.9135454297065735,-0.4067367017269135,0.0000000177790263,2.4006612300872803,-0.0000000000000000,0.0000000437113883,1.0000000000000000,-0.0000000000000000,0.0000000000000000,0.0000000000000000,0.0000000000000000,1.0000000000000000
M -0.4226183295249939,0.9063077569007874,-0.0000000396159692,-2.5522468090057373,-0.9063077569007874,-0.4226183295249939,0.0000000184732336,2.4365396499633789,-0.0000000000000000,0.0000000437113883,1.0000000000000000,-0.0000000000000000,0.0000000000000000,0.0000000000000000,0.0000000000000000,1.0000000000000000
M -0.4383711218833923,0.8987940549850464,-0.0000000392875350,-2.5448608398437500,-0.8987940549850464,-0.4383711218833923,0.0000000191618099,2.4722943305969238,-0.0000000000000000,0.0000000437113883,1.0000000000000000,-0.0000000000000000,0.0000000000000000,0.0000000000000000,0.0000000000000000,1.0000000000000000
M -0.4539906084537506,0.8910064697265625,-0.0000000389471282,-2.5368521213531494,-0.8910064697265625,-0.4539906084537506,0.0000000198445598,2.5079152584075928,-0.0000000000000000,0.0000000437113883,1.0000000000000000,-0.0000000000000000,0.0000000000000000,0.0000000000000000,0.0000000000000000,1.0000000000000000
M -0.4694715738296509,0.8829475641250610,-0.0000000385948624,-2.5282230377197266,-0.8829475641250610,-0.4694715738296509,0.0000000205212540,2.5433902740478516,-0.0000000000000000,0.0000000437113883,1.0000000000000000,-0.0000000000000000,0.0000000000000000,0.0000000000000000,0.0000000000000000,1.0000000000000000
M -0.4848097562789917,0.8746196031570435,-0.0000000382308372,-2.5189759731292725,-0.8746196031570435,-0.4848097562789917,0.0000000211917079,2.5787100791931152,-0.0000000000000000,0.0000000437113883,1.0000000000000000,-0.0000000000000000,0.0000000000000000,0.0000000000000000,0.0000000000000000,1.0000000000000000
M -0.5000000596046448,0.8660253882408142,-0.0000000378551732,-2.5091140270233154,-0.8660253882408142,-0.5000000596046448,0.0000000218556959,2.6138625144958496,-0.0000000000000000,0.0000000437113883,1.0000000000000000,-0.0000000000000000,0.0000000000000000,0.0000000000000000,0.0000000000000000,1.0000000000000000
M -0.5150380134582520,0.8571673035621643,-0.0000000374679736,-2.4986400604248047,-0.8571673035621643,-0.5150380134582520,0.0000000225130261,2.6488373279571533,-0.0000000000000000,0.0000000437113883,1.0000000000000000,-0.0000000000000000,0.0000000000000000,0.0000000000000000,0.0000000000000000,1.0000000000000000
M -0.5299193263053894,0.8480480313301086,-0.0000000370693556,-2.4875571727752686,-0.8480480313301086,-0.5299193263053894,0.0000000231635102,2.6836245059967041,-0.0000000000000000,0.0000000437113883,1.0000000000000000,-0.0000000000000000,0.0000000000000000,0.0000000000000000,0.0000000000000000,1.0000000000000000
M -0.5446390509605408,0.8386705517768860,-0.0000000366594541,-2.4758689403533936,-0.8386705517768860,-0.5446390509605408,0.0000000238069298,2.7182128429412842,-0.0000000000000000,0.0000000437113883,1.0000000000000000,-0.0000000000000000,0.0000000000000000,0.0000000000000000,0.0000000000000000,1.0000000000000000
M -0.5591930150985718,0.8290374875068665,-0.0000000362383794,-2.4635789394378662,-0.8290374875068665,-0.5591930150985718,0.0000000244431035,2.7525920867919922,-0.0000000000000000,0.0000000437113883,1.0000000000000000,-0.0000000000000000,0.0000000000000000,0.0000000000000000,0.0000000000000000,1.0000000000000000
M -0.5735764503479004,0.8191519975662231,-0.0000000358062699,-2.4506907463073730,-0.8191519975662231,-0.5735764503479004,0.0000000250718237,2.7867512702941895,-0.0000000000000000,0.0000000437113883,1.0000000000000000,-0.0000000000000000,0.0000000000000000,0.0000000000000000,0.0000000000000000,1.0000000000000000
M -0.5877851843833923,0.8090170025825500,-0.0000000353632572,-2.4372084140777588,-0.8090170025825500,-0.5877851843833923,0.0000000256929056,2.8206801414489746,-0.0000000000000000,0.0000000437113883,1.0000000000000000,-0.0000000000000000,0.0000000000000000,0.0000000000000000,0.0000000000000000,1.0000000000000000
