O 0volts
A 0volts_Cube.019
M 0.9945219159126282,0.1045284643769264,-0.0000000045690842,-0.2150624841451645,-0.1045284643769264,0.9945219159126282,-0.0000000434719354,-0.0411367602646351,-0.0000000000000000,0.0000000437113883,1.0000000000000000,-0.0000000000000000,0.0000000000000000,0.0000000000000000,0.0000000000000000,1.0000000000000000
M 0.9958546757698059,0.0909584835171700,-0.0000000039759214,-0.1868320852518082,-0.0909584835171700,0.9958546757698059,-0.0000000435301892,-0.0370590128004551,-0.0000000000000000,0.0000000437113883,1.0000000000000000,-0.0000000000000000,0.0000000000000000,0.0000000000000000,0.0000000000000000,1.0000000000000000
M 0.9981347918510437,0.0610485412180424,-0.0000000026685165,-0.1249374523758888,-0.0610485412180424,0.9981347918510437,-0.0000000436298571,-0.0267355609685183,-0.0000000000000000,0.0000000437113883,1.0000000000000000,-0.0000000000000000,0.0000000000000000,0.0000000000000000,0.0000000000000000,1.0000000000000000
M 0.9995167851448059,0.0310836732387543,-0.0000000013587105,-0.0633803158998489,-0.0310836732387543,0.9995167851448059,-0.0000000436902674,-0.0145602673292160,-0.0000000000000000,0.0000000437113883,1.0000000000000000,-0.0000000000000000,0.0000000000000000,0.0000000000000000,0.0000000000000000,1.0000000000000000
M 0.9998477101325989,0.0174524057656527,-0.0000000007628689,-0.0355263426899910,-0.0174524057656527,0.9998477101325989,-0.0000000437047305,-0.0084169739857316,-0.0000000000000000,0.0000000437113883,1.0000000000000000,-0.0000000000000000,0.0000000000000000,0.0000000000000000,0.0000000000000000,1.0000000000000000
M 0.9994282722473145,0.0338093079626560,-0.0000000014778518,-0.0689610242843628,-0.0338093079626560,0.9994282722473145,-0.0000000436863985,-0.0157433170825243,-0.0000000000000000,0.0000000437113883,1.0000000000000000,-0.0000000000000000,0.0000000000000000,0.0000000000000000,0.0000000000000000,1.0000000000000000
M 0.9975640773773193,0.0697564706206322,-0.0000000030491523,-0.1429107934236526,-0.0697564706206322,0.9975640773773193,-0.0000000436049099,-0.0299303345382214,-0.0000000000000000,0.0000000437113883,1.0000000000000000,-0.0000000000000000,0.0000000000000000,0.0000000000000000,0.0000000000000000,1.0000000000000000
M 0.9944072961807251,0.1056132689118385,-0.0000000046165027,-0.2173233032226562,-0.1056132689118385,0.9944072961807251,-0.0000000434669225,-0.0414464659988880,-0.0000000000000000,0.0000000437113883,1.0000000000000000,-0.0000000000000000,0.0000000000000000,0.0000000000000000,0.0000000000000000,1.0000000000000000
M 0.9925461411476135,0.1218693479895592,-0.0000000053270783,-0.2512740492820740,-0.1218693479895592,0.9925461411476135,-0.0000000433855689,-0.0457941405475140,-0.0000000000000000,0.0000000437113883,1.0000000000000000,-0.0000000000000000,0.0000000000000000,0.0000000000000000,0.0000000000000000,1.0000000000000000
M 0.9935099482536316,0.1137451007962227,-0.0000000049719562,-0.2342897653579712,-0.1137451007962227,0.9935099482536316,-0.0000000434277005,-0.0436896719038486,-0.0000000000000000,0.0000000437113883,1.0000000000000000,-0.0000000000000000,0.0000000000000000,0.0000000000000000,0.0000000000000000,1.0000000000000000
M 0.9953961968421936,0.0958457514643669,-0.0000000041895509,-0.1969885826110840,-0.0958457514643669,0.9953961968421936,-0.0000000435101484,-0.0385713838040829,-0.0000000000000000,0.0000000437113883,1.0000000000000000,-0.0000000000000000,0.0000000000000000,0.0000000000000000,0.0000000000000000,1.0000000000000000
M 0.9969599843025208,0.0779153481125832,-0.0000000034057881,-0.1597855538129807,-0.0779153481125832,0.9969599843025208,-0.0000000435785061,-0.0327826328575611,-0.0000000000000000,0.0000000437113883,1.0000000000000000,-0.0000000000000000,0.0000000000000000,0.0000000000000000,0.0000000000000000,1.0000000000000000
M 0.9975640773773193,0.0697564706206322,-0.0000000030491523,-0.1429107934236526,-0.0697564706206322,0.9975640773773193,-0.0000000436049099,-0.0299303345382214,-0.0000000000000000,0.0000000437113883,1.0000000000000000,-0.0000000000000000,0.0000000000000000,0.0000000000000000,0.0000000000000000,1.0000000000000000
M 0.9965201616287231,0.0833517387509346,-0.0000000036434202,-0.1710481345653534,-0.0833517387509346,0.9965201616287231,-0.0000000435592789,-0.0346074737608433,-0.0000000000000000,0.0000000437113883,1.0000000000000000,-0.0000000000000000,0.0000000000000000,0.0000000000000000,0.0000000000000000,1.0000000000000000
M 0.9935718774795532,0.1132032275199890,-0.0000000049482702,-0.2331581115722656,-0.1132032275199890,0.9935718774795532,-0.0000000434304077,-0.0435443818569183,-0.0000000000000000,0.0000000437113883,1.0000000000000000,-0.0000000000000000,0.0000000000000000,0.0000000000000000,0.0000000000000000,1.0000000000000000
M 0.9897295236587524,0.1429528146982193,-0.0000000062486660,-0.2955081462860107,-0.1429528146982193,0.9897295236587524,-0.0000000432624532,-0.0506145432591438,-0.0000000000000000,0.0000000437113883,1.0000000000000000,-0.0000000000000000,0.0000000000000000,0.0000000000000000,0.0000000000000000,1.0000000000000000
M 0.9876883625984192,0.1564344763755798,-0.0000000068379680,-0.3239133358001709,-0.1564344763755798,0.9876883625984192,-0.0000000431732303,-0.0532092750072479,-0.0000000000000000,0.0000000437113883,1.0000000000000000,-0.0000000000000000,0.0000000000000000,0.0000000000000000,0.0000000000000000,1.0000000000000000
M 0.9881112575531006,0.1537403911352158,-0.0000000067202057,-0.3182295262813568,-0.1537403911352158,0.9881112575531006,-0.0000000431917151,-0.0527212545275688,-0.0000000000000000,0.0000000437113883,1.0000000000000000,-0.0000000000000000,0.0000000000000000,0.0000000000000000,0.0000000000000000,1.0000000000000000
M 0.9890158772468567,0.1478094160556793,-0.0000000064609549,-0.3057299256324768,-0.1478094160556793,0.9890158772468567,-0.0000000432312568,-0.0515932589769363,-0.0000000000000000,0.0000000437113883,1.0000000000000000,-0.0000000000000000,0.0000000000000000,0.0000000000000000,0.0000000000000000,1.0000000000000000
M 0.9898848533630371,0.1418731212615967,-0.0000000062014709,-0.2932373583316803,-0.1418731212615967,0.9898848533630371,-0.0000000432692424,-0.0503901243209839,-0.0000000000000000,0.0000000437113883,1.0000000000000000,-0.0000000000000000,0.0000000000000000,0.0000000000000000,0.0000000000000000,1.0000000000000000
M 0.9902680516242981,0.1391731053590775,-0.0000000060834497,-0.2875613570213318,-0.1391731053590775,0.9902680516242981,-0.0000000432859899,-0.0498185530304909,-0.0000000000000000,0.0000000437113883,1.0000000000000000,-0.0000000000000000,0.0000000000000000,0.0000000000000000,0.0000000000000000,1.0000000000000000
M 0.9898848533630371,0.1418731212615967,-0.0000000062014709,-0.2932373583316803,-0.1418731212615967,0.9898848533630371,-0.0000000432692424,-0.0503901243209839,-0.0000000000000000,0.0000000437113883,1.0000000000000000,-0.0000000000000000,0.0000000000000000,0.0000000000000000,0.0000000000000000,1.0000000000000000
M 0.9890158772468567,0.1478094011545181,-0.0000000064609540,-0.3057298958301544,-0.1478094011545181,0.9890158772468567,-0.0000000432312568,-0.0515932515263557,-0.0000000000000000,0.0000000437113883,1.0000000000000000,-0.0000000000000000,0.0000000000000000,0.0000000000000000,0.0000000000000000,1.0000000000000000
M 0.9881112575531006,0.1537403911352158,-0.0000000067202057,-0.3182295262813568,-0.1537403911352158,0.9881112575531006,-0.0000000431917151,-0.0527212545275688,-0.0000000000000000,0.0000000437113883,1.0000000000000000,-0.0000000000000000,0.0000000000000000,0.0000000000000000,0.0000000000000000,1.0000000000000000
M 0.9876883625984192,0.1564344763755798,-0.0000000068379680,-0.3239133358001709,-0.1564344763755798,0.9876883625984192,-0.0000000431732303,-0.0532092750072479,-0.0000000000000000,0.0000000437113883,1.0000000000000000,-0.0000000000000000,0.0000000000000000,0.0000000000000000,0.0000000000000000,1.0000000000000000
M 0.9894152879714966,0.1451117545366287,-0.0000000063430363,-0.3000506162643433,-0.1451117545366287,0.9894152879714966,-0.0000000432487148,-0.0510557666420937,-0.0000000000000000,0.0000000437113883,1.0000000000000000,-0.0000000000000000,0.0000000000000000,0.0000000000000000,0.0000000000000000,1.0000000000000000
M 0.9930684566497803,0.1175374016165733,-0.0000000051377231,-0.2422136217355728,-0.1175374016165733,0.9930684566497803,-0.0000000434084022,-0.0446888916194439,-0.0000000000000000,0.0000000437113883,1.0000000000000000,-0.0000000000000000,0.0000000000000000,0.0000000000000000,0.0000000000000000,1.0000000000000000
M 0.9965201616287231,0.0833517238497734,-0.0000000036434196,-0.1710481047630310,-0.0833517238497734,0.9965201616287231,-0.0000000435592789,-0.0346074663102627,-0.0000000000000000,0.0000000437113883,1.0000000000000000,-0.0000000000000000,0.0000000000000000,0.0000000000000000,0.0000000000000000,1.0000000000000000
M 0.9986295104026794,0.0523359589278698,-0.0000000022876774,-0.1069926619529724,-0.0523359589278698,0.9986295104026794,-0.0000000436514824,-0.0233842041343451,-0.0000000000000000,0.0000000437113883,1.0000000000000000,-0.0000000000000000,0.0000000000000000,0.0000000000000000,0.0000000000000000,1.0000000000000000
M 0.9994822740554810,0.0321739539504051,-0.0000000014063682,-0.0656122043728828,-0.0321739539504051,0.9994822740554810,-0.0000000436887575,-0.0150353126227856,-0.0000000000000000,0.0000000437113883,1.0000000000000000,-0.0000000000000000,0.0000000000000000,0.0000000000000000,0.0000000000000000,1.0000000000000000
M 0.9997619986534119,0.0218148827552795,-0.0000000009535588,-0.0444304794073105,-0.0218148827552795,0.9997619986534119,-0.0000000437009859,-0.0104239284992218,-0.0000000000000000,0.0000000437113883,1.0000000000000000,-0.0000000000000000,0.0000000000000000,0.0000000000000000,0.0000000000000000,1.0000000000000000
M 0.9998380541801453,0.0179977267980576,-0.0000000007867056,-0.0366388559341431,-0.0179977267980576,0.9998380541801453,-0.0000000437043077,-0.0086698457598686,-0.0000000000000000,0.0000000437113883,1.0000000000000000,-0.0000000000000000,0.0000000000000000,0.0000000000000000,0.0000000000000000,1.0000000000000000
M 0.9998477101325989,0.0174524057656527,-0.0000000007628689,-0.0355263426899910,-0.0174524057656527,0.9998477101325989,-0.0000000437047305,-0.0084169739857316,-0.0000000000000000,0.0000000437113883,1.0000000000000000,-0.0000000000000000,0.0000000000000000,0.0000000000000000,0.0000000000000000,1.0000000000000000
M 0.9996731877326965,0.0255635697394609,-0.0000000011174192,-0.0520894080400467,-0.0255635697394609,0.9996731877326965,-0.0000000436971028,-0.0121180275455117,-0.0000000000000000,0.0000000437113883,1.0000000000000000,-0.0000000000000000,0.0000000000000000,0.0000000000000000,0.0000000000000000,1.0000000000000000
M 0.9989255666732788,0.0463437102735043,-0.0000000020257480,-0.0946728810667992,-0.0463437102735043,0.9989255666732788,-0.0000000436644250,-0.0209893714636564,-0.0000000000000000,0.0000000437113883,1.0000000000000000,-0.0000000000000000,0.0000000000000000,0.0000000000000000,0.0000000000000000,1.0000000000000000
M 0.9972248673439026,0.0744484215974808,-0.0000000032542438,-0.1526109278202057,-0.0744484215974808,0.9972248673439026,-0.0000000435900844,-0.0315872803330421,-0.0000000000000000,0.0000000437113883,1.0000000000000000,-0.0000000000000000,0.0000000000000000,0.0000000000000000,0.0000000000000000,1.0000000000000000
M 0.9945219159126282,0.1045284643769264,-0.0000000045690842,-0.2150624841451645,-0.1045284643769264,0.9945219159126282,-0.0000000434719354,-0.0411367602646351,-0.0000000000000000,0.0000000437113883,1.0000000000000000,-0.0000000000000000,0.0000000000000000,0.0000000000000000,0.0000000000000000,1.0000000000000000
M 0.9912749528884888,0.1318103820085526,-0.0000000057616147,-0.2721023559570312,-0.1318103820085526,0.9912749528884888,-0.0000000433300045,-0.0481823459267616,-0.0000000000000000,0.0000000437113883,1.0000000000000000,-0.0000000000000000,0.0000000000000000,0.0000000000000000,0.0000000000000000,1.0000000000000000
M 0.9881112575531006,0.1537403911352158,-0.0000000067202057,-0.3182295262813568,-0.1537403911352158,0.9881112575531006,-0.0000000431917151,-0.0527212545275688,-0.0000000000000000,0.0000000437113883,1.0000000000000000,-0.0000000000000000,0.0000000000000000,0.0000000000000000,0.0000000000000000,1.0000000000000000
M 0.9857287406921387,0.1683415174484253,-0.0000000073584414,-0.3490793406963348,-0.1683415174484253,0.9857287406921387,-0.0000000430875708,-0.0551821589469910,-0.0000000000000000,0.0000000437113883,1.0000000000000000,-0.0000000000000000,0.0000000000000000,0.0000000000000000,0.0000000000000000,1.0000000000000000
M 0.9848077297210693,0.1736481785774231,-0.0000000075904030,-0.3603189885616302,-0.1736481785774231,0.9848077297210693,-0.0000000430473115,-0.0559648573398590,-0.0000000000000000,0.0000000437113883,1.0000000000000000,-0.0000000000000000,0.0000000000000000,0.0000000000000000,0.0000000000000000,1.0000000000000000
M 0.9891765117645264,0.1467304527759552,-0.0000000064137917,-0.3034579753875732,-0.1467304527759552,0.9891765117645264,-0.0000000432382770,-0.0513799339532852,-0.0000000000000000,0.0000000437113883,1.0000000000000000,-0.0000000000000000,0.0000000000000000,0.0000000000000000,0.0000000000000000,1.0000000000000000
M 0.9961947202682495,0.0871557369828224,-0.0000000038096983,-0.1789377331733704,-0.0871557369828224,0.9961947202682495,-0.0000000435450538,-0.0358483381569386,-0.0000000000000000,0.0000000437113883,1.0000000000000000,-0.0000000000000000,0.0000000000000000,0.0000000000000000,0.0000000000000000,1.0000000000000000
M 0.9996281862258911,0.0272674132138491,-0.0000000011918965,-0.0555728413164616,-0.0272674132138491,0.9996281862258911,-0.0000000436951346,-0.0128783965483308,-0.0000000000000000,0.0000000437113883,1.0000000000000000,-0.0000000000000000,0.0000000000000000,0.0000000000000000,0.0000000000000000,1.0000000000000000
M 1.0000000000000000,0.0000000000000000,0.0000000000000000,0.0000000000000000,0.0000000000000000,1.0000000000000000,-0.0000000437113883,0.0000000000000000,-0.0000000000000000,0.0000000437113883,1.0000000000000000,-0.0000000000000000,0.0000000000000000,0.0000000000000000,0.0000000000000000,1.0000000000000000
M 0.9999999403953552,0.0002727079845499,-0.0000000000119204,-0.0005539678968489,-0.0002727079845499,0.9999999403953552,-0.0000000437113847,-0.0001361155736959,-0.0000000000000000,0.0000000437113883,1.0000000000000000,-0.0000000000000000,0.0000000000000000,0.0000000000000000,0.0000000000000000,1.0000000000000000
M 0.9999976158142090,0.0021816599182785,-0.0000000000953634,-0.0044326889328659,-0.0021816599182785,0.9999976158142090,-0.0000000437112853,-0.0010860615875572,-0.0000000000000000,0.0000000437113883,1.0000000000000000,-0.0000000000000000,0.0000000000000000,0.0000000000000000,0.0000000000000000,1.0000000000000000
M 0.9999728798866272,0.0073630376718938,-0.0000000003218486,-0.0149697307497263,-0.0073630376718938,0.9999728798866272,-0.0000000437102017,-0.0036264441441745,-0.0000000000000000,0.0000000437113883,1.0000000000000000,-0.0000000000000000,0.0000000000000000,0.0000000000000000,0.0000000000000000,1.0000000000000000
M 0.9998477101325989,0.0174524057656527,-0.0000000007628689,-0.0355263426899910,-0.0174524057656527,0.9998477101325989,-0.0000000437047305,-0.0084169739857316,-0.0000000000000000,0.0000000437113883,1.0000000000000000,-0.0000000000000000,0.0000000000000000,0.0000000000000000,0.0000000000000000,1.0000000000000000
M 0.9992502927780151,0.0387148261070251,-0.0000000016922788,-0.0790143460035324,-0.0387148261070251,0.9992502927780151,-0.0000000436786181,-0.0178346335887909,-0.0000000000000000,0.0000000437113883,1.0000000000000000,-0.0000000000000000,0.0000000000000000,0.0000000000000000,0.0000000000000000,1.0000000000000000
M 0.9975640773773193,0.0697564706206322,-0.0000000030491523,-0.1429107934236526,-0.0697564706206322,0.9975640773773193,-0.0000000436049099,-0.0299303345382214,-0.0000000000000000,0.0000000437113883,1.0000000000000000,-0.0000000000000000,0.0000000000000000,0.0000000000000000,0.0000000000000000,1.0000000000000000
M 0.9949137568473816,0.1007306948304176,-0.0000000044030783,-0.2071523517370224,-0.1007306948304176,0.9949137568473816,-0.0000000434890630,-0.0400339551270008,-0.0000000000000000,0.0000000437113883,1.0000000000000000,-0.0000000000000000,0.0000000000000000,0.0000000000000000,0.0000000000000000,1.0000000000000000
M 0.9925461411476135,0.1218693479895592,-0.0000000053270783,-0.2512740492820740,-0.1218693479895592,0.9925461411476135,-0.0000000433855689,-0.0457941405475140,-0.0000000000000000,0.0000000437113883,1.0000000000000000,-0.0000000000000000,0.0000000000000000,0.0000000000000000,0.0000000000000000,1.0000000000000000
M 0.9912659525871277,0.1318779587745667,-0.0000000057645688,-0.2722441256046295,-0.1318779587745667,0.9912659525871277,-0.0000000433296101,-0.0481980144977570,-0.0000000000000000,0.0000000437113883,1.0000000000000000,-0.0000000000000000,0.0000000000000000,0.0000000000000000,0.0000000000000000,1.0000000000000000
M 0.9905693531036377,0.1370123326778412,-0.0000000059889991,-0.2830216288566589,-0.1370123326778412,0.9905693531036377,-0.0000000432991634,-0.0493501871824265,-0.0000000000000000,0.0000000437113883,1.0000000000000000,-0.0000000000000000,0.0000000000000000,0.0000000000000000,0.0000000000000000,1.0000000000000000
M 0.9903059601783752,0.1389030367136002,-0.0000000060716445,-0.2869938015937805,-0.1389030367136002,0.9903059601783752,-0.0000000432876490,-0.0497605279088020,-0.0000000000000000,0.0000000437113883,1.0000000000000000,-0.0000000000000000,0.0000000000000000,0.0000000000000000,0.0000000000000000,1.0000000000000000
M 0.9902680516242981,0.1391731053590775,-0.0000000060834497,-0.2875613570213318,-0.1391731053590775,0.9902680516242981,-0.0000000432859899,-0.0498185530304909,-0.0000000000000000,0.0000000437113883,1.0000000000000000,-0.0000000000000000,0.0000000000000000,0.0000000000000000,0.0000000000000000,1.0000000000000000
M 0.9909612536430359,0.1341483294963837,-0.0000000058638099,-0.2770081758499146,-0.1341483294963837,0.9909612536430359,-0.0000000433162910,-0.0487142652273178,-0.0000000000000000,0.0000000437113883,1.0000000000000000,-0.0000000000000000,0.0000000000000000,0.0000000000000000,0.0000000000000000,1.0000000000000000
M 0.9925992488861084,0.1214362457394600,-0.0000000053081468,-0.2503677606582642,-0.1214362457394600,0.9925992488861084,-0.0000000433878924,-0.0456853546202183,-0.0000000000000000,0.0000000437113883,1.0000000000000000,-0.0000000000000000,0.0000000000000000,0.0000000000000000,0.0000000000000000,1.0000000000000000
M 0.9945161938667297,0.1045827046036720,-0.0000000045714552,-0.2151755243539810,-0.1045827046036720,0.9945161938667297,-0.0000000434716831,-0.0411524362862110,-0.0000000000000000,0.0000000437113883,1.0000000000000000,-0.0000000000000000,0.0000000000000000,0.0000000000000000,0.0000000000000000,1.0000000000000000
M 0.9961947202682495,0.0871557369828224,-0.0000000038096983,-0.1789377331733704,-0.0871557369828224,0.9961947202682495,-0.0000000435450538,-0.0358483381569386,-0.0000000000000000,0.0000000437113883,1.0000000000000000,-0.0000000000000000,0.0000000000000000,0.0000000000000000,0.0000000000000000,1.0000000000000000
M 0.9974055886268616,0.0719870552420616,-0.0000000031466540,-0.1475209146738052,-0.0719870552420616,0.9974055886268616,-0.0000000435979821,-0.0307235233485699,-0.0000000000000000,0.0000000437113883,1.0000000000000000,-0.0000000000000000,0.0000000000000000,0.0000000000000000,0.0000000000000000,1.0000000000000000
M 0.9982656240463257,0.0588708035647869,-0.0000000025733244,-0.1204485073685646,-0.0588708035647869,0.9982656240463257,-0.0000000436355769,-0.0259125288575888,-0.0000000000000000,0.0000000437113883,1.0000000000000000,-0.0000000000000000,0.0000000000000000,0.0000000000000000,0.0000000000000000,1.0000000000000000
M 0.9989026784896851,0.0468340553343296,-0.0000000020471815,-0.0956803336739540,-0.0468340553343296,0.9989026784896851,-0.0000000436634231,-0.0211880523711443,-0.0000000000000000,0.0000000437113883,1.0000000000000000,-0.0000000000000000,0.0000000000000000,0.0000000000000000,0.0000000000000000,1.0000000000000000
M 0.9993908405303955,0.0348994955420494,-0.0000000015255054,-0.0711941793560982,-0.0348994955420494,0.9993908405303955,-0.0000000436847607,-0.0162123553454876,-0.0000000000000000,0.0000000437113883,1.0000000000000000,-0.0000000000000000,0.0000000000000000,0.0000000000000000,0.0000000000000000,1.0000000000000000
M 0.9997450709342957,0.0225782841444016,-0.0000000009869281,-0.0459896028041840,-0.0225782841444016,0.9997450709342957,-0.0000000437002434,-0.0107712969183922,-0.0000000000000000,0.0000000437113883,1.0000000000000000,-0.0000000000000000,0.0000000000000000,0.0000000000000000,0.0000000000000000,1.0000000000000000
M 0.9999356269836426,0.0113443937152624,-0.0000000004958792,-0.0230754856020212,-0.0113443937152624,0.9999356269836426,-0.0000000437085745,-0.0055415434762836,-0.0000000000000000,0.0000000437113883,1.0000000000000000,-0.0000000000000000,0.0000000000000000,0.0000000000000000,0.0000000000000000,1.0000000000000000
M 0.9999949932098389,0.0031633984763175,-0.0000000001382765,-0.0064281565137208,-0.0031633984763175,0.9999949932098389,-0.0000000437111680,-0.0015714472392574,-0.0000000000000000,0.0000000437113883,1.0000000000000000,-0.0000000000000000,0.0000000000000000,0.0000000000000000,0.0000000000000000,1.0000000000000000
M 1.0000000000000000,0.0000000000000000,0.0000000000000000,0.0000000000000000,0.0000000000000000,1.0000000000000000,-0.0000000437113883,0.0000000000000000,-0.0000000000000000,0.0000000437113883,1.0000000000000000,-0.0000000000000000,0.0000000000000000,0.0000000000000000,0.0000000000000000,1.0000000000000000
M 0.9997619986534119,0.0218148585408926,-0.0000000009535578,-0.0444304309785366,-0.0218148585408926,0.9997619986534119,-0.0000000437009859,-0.0104239163920283,-0.0000000000000000,0.0000000437113883,1.0000000000000000,-0.0000000000000000,0.0000000000000000,0.0000000000000000,0.0000000000000000,1.0000000000000000
M 0.9975640773773193,0.0697564706206322,-0.0000000030491523,-0.1429107934236526,-0.0697564706206322,0.9975640773773193,-0.0000000436049099,-0.0299303345382214,-0.0000000000000000,0.0000000437113883,1.0000000000000000,-0.0000000000000000,0.0000000000000000,0.0000000000000000,0.0000000000000000,1.0000000000000000
M 0.9930684566497803,0.1175374239683151,-0.0000000051377240,-0.2422136664390564,-0.1175374239683151,0.9930684566497803,-0.0000000434084022,-0.0446889027953148,-0.0000000000000000,0.0000000437113883,1.0000000000000000,-0.0000000000000000,0.0000000000000000,0.0000000000000000,0.0000000000000000,1.0000000000000000
M 0.9902680516242981,0.1391731053590775,-0.0000000060834497,-0.2875613570213318,-0.1391731053590775,0.9902680516242981,-0.0000000432859899,-0.0498185530304909,-0.0000000000000000,0.0000000437113883,1.0000000000000000,-0.0000000000000000,0.0000000000000000,0.0000000000000000,0.0000000000000000,1.0000000000000000
M 0.9920736551284790,0.1256579160690308,-0.0000000054926819,-0.2592058181762695,-0.1256579160690308,0.9920736551284790,-0.0000000433649170,-0.0467285513877869,-0.0000000000000000,0.0000000437113883,1.0000000000000000,-0.0000000000000000,0.0000000000000000,0.0000000000000000,0.0000000000000000,1.0000000000000000
M 0.9953961968421936,0.0958457514643669,-0.0000000041895509,-0.1969885826110840,-0.0958457514643669,0.9953961968421936,-0.0000000435101484,-0.0385713838040829,-0.0000000000000000,0.0000000437113883,1.0000000000000000,-0.0000000000000000,0.0000000000000000,0.0000000000000000,0.0000000000000000,1.0000000000000000
M 0.9978231191635132,0.0659473538398743,-0.0000000028826503,-0.1350440084934235,-0.0659473538398743,0.9978231191635132,-0.0000000436162324,-0.0285519659519196,-0.0000000000000000,0.0000000437113883,1.0000000000000000,-0.0000000000000000,0.0000000000000000,0.0000000000000000,0.0000000000000000,1.0000000000000000
M 0.9986295104026794,0.0523359589278698,-0.0000000022876774,-0.1069926619529724,-0.0523359589278698,0.9986295104026794,-0.0000000436514824,-0.0233842041343451,-0.0000000000000000,0.0000000437113883,1.0000000000000000,-0.0000000000000000,0.0000000000000000,0.0000000000000000,0.0000000000000000,1.0000000000000000
M 0.9983292222023010,0.0577818229794502,-0.0000000025257236,-0.1182047203183174,-0.0577818229794502,0.9983292222023010,-0.0000000436383552,-0.0254972614347935,-0.0000000000000000,0.0000000437113883,1.0000000000000000,-0.0000000000000000,0.0000000000000000,0.0000000000000000,0.0000000000000000,1.0000000000000000
M 0.9975640773773193,0.0697564780712128,-0.0000000030491525,-0.1429108083248138,-0.0697564780712128,0.9975640773773193,-0.0000000436049099,-0.0299303382635117,-0.0000000000000000,0.0000000437113883,1.0000000000000000,-0.0000000000000000,0.0000000000000000,0.0000000000000000,0.0000000000000000,1.0000000000000000
M 0.9966552257537842,0.0817210823297501,-0.0000000035721419,-0.1676683425903320,-0.0817210823297501,0.9966552257537842,-0.0000000435651835,-0.0340665653347969,-0.0000000000000000,0.0000000437113883,1.0000000000000000,-0.0000000000000000,0.0000000000000000,0.0000000000000000,0.0000000000000000,1.0000000000000000
M 0.9961947202682495,0.0871557369828224,-0.0000000038096983,-0.1789377331733704,-0.0871557369828224,0.9961947202682495,-0.0000000435450538,-0.0358483381569386,-0.0000000000000000,0.0000000437113883,1.0000000000000000,-0.0000000000000000,0.0000000000000000,0.0000000000000000,0.0000000000000000,1.0000000000000000
M 0.9972904324531555,0.0735645815730095,-0.0000000032156100,-0.1507828384637833,-0.0735645815730095,0.9972904324531555,-0.0000000435929479,-0.0312783978879452,-0.0000000000000000,0.0000000437113883,1.0000000000000000,-0.0000000000000000,0.0000000000000000,0.0000000000000000,0.0000000000000000,1.0000000000000000
M 0.9990482330322266,0.0436193868517876,-0.0000000019066639,-0.0890777632594109,-0.0436193868517876,0.9990482330322266,-0.0000000436697860,-0.0198763571679592,-0.0000000000000000,0.0000000437113883,1.0000000000000000,-0.0000000000000000,0.0000000000000000,0.0000000000000000,0.0000000000000000,1.0000000000000000
M 0.9999070167541504,0.0136349443346262,-0.0000000005960024,-0.0277424715459347,-0.0136349443346262,0.9999070167541504,-0.0000000437073240,-0.0066286446526647,-0.0000000000000000,0.0000000437113883,1.0000000000000000,-0.0000000000000000,0.0000000000000000,0.0000000000000000,0.0000000000000000,1.0000000000000000
M 1.0000000000000000,0.0000000000000000,0.0000000000000000,0.0000000000000000,0.0000000000000000,1.0000000000000000,-0.0000000437113883,0.0000000000000000,-0.0000000000000000,0.0000000437113883,1.0000000000000000,-0.0000000000000000,0.0000000000000000,0.0000000000000000,0.0000000000000000,1.0000000000000000
M 0.9998177886009216,0.0190883558243513,-0.0000000008343785,-0.0388643294572830,-0.0190883558243513,0.9998177886009216,-0.0000000437034231,-0.0091741522774100,-0.0000000000000000,0.0000000437113883,1.0000000000000000,-0.0000000000000000,0.0000000000000000,0.0000000000000000,0.0000000000000000,1.0000000000000000
M 0.9981347918510437,0.0610485412180424,-0.0000000026685165,-0.1249374523758888,-0.0610485412180424,0.9981347918510437,-0.0000000436298571,-0.0267355609685183,-0.0000000000000000,0.0000000437113883,1.0000000000000000,-0.0000000000000000,0.0000000000000000,0.0000000000000000,0.0000000000000000,1.0000000000000000
M 0.9946916103363037,0.1029010713100433,-0.0000000044979487,-0.2116719931364059,-0.1029010713100433,0.9946916103363037,-0.0000000434793499,-0.0406678169965744,-0.0000000000000000,0.0000000437113883,1.0000000000000000,-0.0000000000000000,0.0000000000000000,0.0000000000000000,0.0000000000000000,1.0000000000000000
M 0.9925461411476135,0.1218693479895592,-0.0000000053270783,-0.2512740492820740,-0.1218693479895592,0.9925461411476135,-0.0000000433855689,-0.0457941405475140,-0.0000000000000000,0.0000000437113883,1.0000000000000000,-0.0000000000000000,0.0000000000000000,0.0000000000000000,0.0000000000000000,1.0000000000000000
M 0.9946916103363037,0.1029010713100433,-0.0000000044979487,-0.2116719931364059,-0.1029010713100433,0.9946916103363037,-0.0000000434793499,-0.0406678169965744,-0.0000000000000000,0.0000000437113883,1.0000000000000000,-0.0000000000000000,0.0000000000000000,0.0000000000000000,0.0000000000000000,1.0000000000000000
M 0.9981347918510437,0.0610485412180424,-0.0000000026685165,-0.1249374523758888,-0.0610485412180424,0.9981347918510437,-0.0000000436298571,-0.0267355609685183,-0.0000000000000000,0.0000000437113883,1.0000000000000000,-0.0000000000000000,0.0000000000000000,0.0000000000000000,0.0000000000000000,1.0000000000000000
M 0.9998177886009216,0.0190883539617062,-0.0000000008343785,-0.0388643257319927,-0.0190883539617062,0.9998177886009216,-0.0000000437034231,-0.0091741513460875,-0.0000000000000000,0.0000000437113883,1.0000000000000000,-0.0000000000000000,0.0000000000000000,0.0000000000000000,0.0000000000000000,1.0000000000000000
M 1.0000000000000000,0.0000000000000000,0.0000000000000000,0.0000000000000000,0.0000000000000000,1.0000000000000000,-0.0000000437113883,0.0000000000000000,-0.0000000000000000,0.0000000437113883,1.0000000000000000,-0.0000000000000000,0.0000000000000000,0.0000000000000000,0.0000000000000000,1.0000000000000000
M 0.9999819993972778,0.0059995204210281,-0.0000000002622474,-0.0121955256909132,-0.0059995204210281,0.9999819993972778,-0.0000000437106031,-0.0029632821679115,-0.0000000000000000,0.0000000437113883,1.0000000000000000,-0.0000000000000000,0.0000000000000000,0.0000000000000000,0.0000000000000000,1.0000000000000000
M 0.9997619986534119,0.0218148734420538,-0.0000000009535585,-0.0444304607808590,-0.0218148734420538,0.9997619986534119,-0.0000000437009859,-0.0104239238426089,-0.0000000000000000,0.0000000437113883,1.0000000000000000,-0.0000000000000000,0.0000000000000000,0.0000000000000000,0.0000000000000000,1.0000000000000000
M 0.9990242719650269,0.0441642850637436,-0.0000000019304822,-0.0901965647935867,-0.0441642850637436,0.9990242719650269,-0.0000000436687380,-0.0201001688838005,-0.0000000000000000,0.0000000437113883,1.0000000000000000,-0.0000000000000000,0.0000000000000000,0.0000000000000000,0.0000000000000000,1.0000000000000000
M 0.9975640773773193,0.0697564706206322,-0.0000000030491523,-0.1429107934236526,-0.0697564706206322,0.9975640773773193,-0.0000000436049099,-0.0299303345382214,-0.0000000000000000,0.0000000437113883,1.0000000000000000,-0.0000000000000000,0.0000000000000000,0.0000000000000000,0.0000000000000000,1.0000000000000000
M 0.9954483509063721,0.0953028276562691,-0.0000000041658188,-0.1958597004413605,-0.0953028276562691,0.9954483509063721,-0.0000000435124292,-0.0384057797491550,-0.0000000000000000,0.0000000437113883,1.0000000000000000,-0.0000000000000000,0.0000000000000000,0.0000000000000000,0.0000000000000000,1.0000000000000000
M 0.9930684566497803,0.1175374016165733,-0.0000000051377231,-0.2422136217355728,-0.1175374016165733,0.9930684566497803,-0.0000000434084022,-0.0446888916194439,-0.0000000000000000,0.0000000437113883,1.0000000000000000,-0.0000000000000000,0.0000000000000000,0.0000000000000000,0.0000000000000000,1.0000000000000000
M 0.9910852313041687,0.1332294344902039,-0.0000000058236433,-0.2750796675682068,-0.1332294344902039,0.9910852313041687,-0.0000000433217124,-0.0485065877437592,-0.0000000000000000,0.0000000437113883,1.0000000000000000,-0.0000000000000000,0.0000000000000000,0.0000000000000000,0.0000000000000000,1.0000000000000000
M 0.9902680516242981,0.1391731053590775,-0.0000000060834497,-0.2875613570213318,-0.1391731053590775,0.9902680516242981,-0.0000000432859899,-0.0498185530304909,-0.0000000000000000,0.0000000437113883,1.0000000000000000,-0.0000000000000000,0.0000000000000000,0.0000000000000000,0.0000000000000000,1.0000000000000000
M 0.9910123944282532,0.1337699890136719,-0.0000000058472720,-0.2762140929698944,-0.1337699890136719,0.9910123944282532,-0.0000000433185292,-0.0486288070678711,-0.0000000000000000,0.0000000437113883,1.0000000000000000,-0.0000000000000000,0.0000000000000000,0.0000000000000000,0.0000000000000000,1.0000000000000000
M 0.9925461411476135,0.1218693405389786,-0.0000000053270779,-0.2512740492820740,-0.1218693405389786,0.9925461411476135,-0.0000000433855689,-0.0457941368222237,-0.0000000000000000,0.0000000437113883,1.0000000000000000,-0.0000000000000000,0.0000000000000000,0.0000000000000000,0.0000000000000000,1.0000000000000000
M 0.9939370155334473,0.1099511533975601,-0.0000000048061177,-0.2263697683811188,-0.1099511533975601,0.9939370155334473,-0.0000000434463665,-0.0426600649952888,-0.0000000000000000,0.0000000437113883,1.0000000000000000,-0.0000000000000000,0.0000000000000000,0.0000000000000000,0.0000000000000000,1.0000000000000000
M 0.9945219159126282,0.1045284643769264,-0.0000000045690842,-0.2150624841451645,-0.1045284643769264,0.9945219159126282,-0.0000000434719354,-0.0411367602646351,-0.0000000000000000,0.0000000437113883,1.0000000000000000,-0.0000000000000000,0.0000000000000000,0.0000000000000000,0.0000000000000000,1.0000000000000000
M 0.9936334490776062,0.1126612797379494,-0.0000000049245807,-0.2320265024900436,-0.1126612797379494,0.9936334490776062,-0.0000000434330971,-0.0433985777199268,-0.0000000000000000,0.0000000437113883,1.0000000000000000,-0.0000000000000000,0.0000000000000000,0.0000000000000000,0.0000000000000000,1.0000000000000000
M 0.9914448857307434,0.1305261999368668,-0.0000000057054814,-0.2694089114665985,-0.1305261999368668,0.9914448857307434,-0.0000000433374332,-0.0478854849934578,-0.0000000000000000,0.0000000437113883,1.0000000000000000,-0.0000000000000000,0.0000000000000000,0.0000000000000000,0.0000000000000000,1.0000000000000000
M 0.9889351129531860,0.1483488380908966,-0.0000000064845338,-0.3068660199642181,-0.1483488380908966,0.9889351129531860,-0.0000000432277254,-0.0516989380121231,-0.0000000000000000,0.0000000437113883,1.0000000000000000,-0.0000000000000000,0.0000000000000000,0.0000000000000000,0.0000000000000000,1.0000000000000000
M 0.9876883625984192,0.1564344763755798,-0.0000000068379680,-0.3239133358001709,-0.1564344763755798,0.9876883625984192,-0.0000000431732303,-0.0532092750072479,-0.0000000000000000,0.0000000437113883,1.0000000000000000,-0.0000000000000000,0.0000000000000000,0.0000000000000000,0.0000000000000000,1.0000000000000000
M 0.9904944300651550,0.1375526338815689,-0.0000000060126166,-0.2841565608978271,-0.1375526338815689,0.9904944300651550,-0.0000000432958878,-0.0494682267308235,-0.0000000000000000,0.0000000437113883,1.0000000000000000,-0.0000000000000000,0.0000000000000000,0.0000000000000000,0.0000000000000000,1.0000000000000000
M 0.9953961968421936,0.0958457514643669,-0.0000000041895509,-0.1969885826110840,-0.0958457514643669,0.9953961968421936,-0.0000000435101484,-0.0385713838040829,-0.0000000000000000,0.0000000437113883,1.0000000000000000,-0.0000000000000000,0.0000000000000000,0.0000000000000000,0.0000000000000000,1.0000000000000000
M 0.9985425472259521,0.0539698600769043,-0.0000000023590976,-0.1103550046682358,-0.0539698600769043,0.9985425472259521,-0.0000000436476810,-0.0240244865417480,-0.0000000000000000,0.0000000437113883,1.0000000000000000,-0.0000000000000000,0.0000000000000000,0.0000000000000000,0.0000000000000000,1.0000000000000000
M 0.9993908405303955,0.0348994955420494,-0.0000000015255054,-0.0711941793560982,-0.0348994955420494,0.9993908405303955,-0.0000000436847607,-0.0162123553454876,-0.0000000000000000,0.0000000437113883,1.0000000000000000,-0.0000000000000000,0.0000000000000000,0.0000000000000000,0.0000000000000000,1.0000000000000000
M 0.9991634488105774,0.0408947356045246,-0.0000000017875657,-0.0834857076406479,-0.0408947356045246,0.9991634488105774,-0.0000000436748202,-0.0187481585890055,-0.0000000000000000,0.0000000437113883,1.0000000000000000,-0.0000000000000000,0.0000000000000000,0.0000000000000000,0.0000000000000000,1.0000000000000000
M 0.9983916878700256,0.0566927790641785,-0.0000000024781202,-0.1159613654017448,-0.0566927790641785,0.9983916878700256,-0.0000000436410872,-0.0250795781612396,-0.0000000000000000,0.0000000437113883,1.0000000000000000,-0.0000000000000000,0.0000000000000000,0.0000000000000000,0.0000000000000000,1.0000000000000000
M 0.9968743920326233,0.0790028348565102,-0.0000000034533236,-0.1620373129844666,-0.0790028348565102,0.9968743920326233,-0.0000000435747651,-0.0331525690853596,-0.0000000000000000,0.0000000437113883,1.0000000000000000,-0.0000000000000000,0.0000000000000000,0.0000000000000000,0.0000000000000000,1.0000000000000000
M 0.9945219159126282,0.1045284643769264,-0.0000000045690842,-0.2150624841451645,-0.1045284643769264,0.9945219159126282,-0.0000000434719354,-0.0411367602646351,-0.0000000000000000,0.0000000437113883,1.0000000000000000,-0.0000000000000000,0.0000000000000000,0.0000000000000000,0.0000000000000000,1.0000000000000000
M 0.9915158748626709,0.1299854367971420,-0.0000000056818439,-0.2682749927043915,-0.1299854367971420,0.9915158748626709,-0.0000000433405347,-0.0477593466639519,-0.0000000000000000,0.0000000437113883,1.0000000000000000,-0.0000000000000000,0.0000000000000000,0.0000000000000000,0.0000000000000000,1.0000000000000000
M 0.9883614778518677,0.1521234214305878,-0.0000000066495258,-0.3148199617862701,-0.1521234214305878,0.9883614778518677,-0.0000000432026539,-0.0524210780858994,-0.0000000000000000,0.0000000437113883,1.0000000000000000,-0.0000000000000000,0.0000000000000000,0.0000000000000000,0.0000000000000000,1.0000000000000000
M 0.9858318567276001,0.1677366942167282,-0.0000000073320039,-0.3477992415428162,-0.1677366942167282,0.9858318567276001,-0.0000000430920792,-0.0550893172621727,-0.0000000000000000,0.0000000437113883,1.0000000000000000,-0.0000000000000000,0.0000000000000000,0.0000000000000000,0.0000000000000000,1.0000000000000000
M 0.9848077297210693,0.1736481785774231,-0.0000000075904030,-0.3603189885616302,-0.1736481785774231,0.9848077297210693,-0.0000000430473115,-0.0559648573398590,-0.0000000000000000,0.0000000437113883,1.0000000000000000,-0.0000000000000000,0.0000000000000000,0.0000000000000000,0.0000000000000000,1.0000000000000000
M 0.9851608276367188,0.1716335862874985,-0.0000000075023427,-0.3560503125190735,-0.1716335862874985,0.9851608276367188,-0.0000000430627480,-0.0556747242808342,-0.0000000000000000,0.0000000437113883,1.0000000000000000,-0.0000000000000000,0.0000000000000000,0.0000000000000000,0.0000000000000000,1.0000000000000000
M 0.9864650368690491,0.1639716625213623,-0.0000000071674289,-0.3398349285125732,-0.1639716625213623,0.9864650368690491,-0.0000000431197549,-0.0544928312301636,-0.0000000000000000,0.0000000437113883,1.0000000000000000,-0.0000000000000000,0.0000000000000000,0.0000000000000000,0.0000000000000000,1.0000000000000000
M 0.9889553189277649,0.1482139825820923,-0.0000000064786390,-0.3065820038318634,-0.1482139825820923,0.9889553189277649,-0.0000000432286100,-0.0516725182533264,-0.0000000000000000,0.0000000437113883,1.0000000000000000,-0.0000000000000000,0.0000000000000000,0.0000000000000000,0.0000000000000000,1.0000000000000000
M 0.9925461411476135,0.1218693479895592,-0.0000000053270783,-0.2512740492820740,-0.1218693479895592,0.9925461411476135,-0.0000000433855689,-0.0457941405475140,-0.0000000000000000,0.0000000437113883,1.0000000000000000,-0.0000000000000000,0.0000000000000000,0.0000000000000000,0.0000000000000000,1.0000000000000000
M 0.9964171648025513,0.0845746025443077,-0.0000000036968733,-0.1735835820436478,-0.0845746025443077,0.9964171648025513,-0.0000000435547776,-0.0350095741450787,-0.0000000000000000,0.0000000437113883,1.0000000000000000,-0.0000000000000000,0.0000000000000000,0.0000000000000000,0.0000000000000000,1.0000000000000000
M 0.9990000724792480,0.0447091422975063,-0.0000000019542987,-0.0913154110312462,-0.0447091422975063,0.9990000724792480,-0.0000000436676793,-0.0203234832733870,-0.0000000000000000,0.0000000437113883,1.0000000000000000,-0.0000000000000000,0.0000000000000000,0.0000000000000000,0.0000000000000000,1.0000000000000000
