O COUPLED_REAR_4_HIDE_INVERT
A COUPLED_REAR_4_HIDE_INVERT
M 0.9998477697372437,0.0000000007628668,0.0174523591995239,0.0007514953613281,0.0000000000000000,1.0000000000000000,-0.0000000437113883,0.0000000000000000,-0.0174523591995239,0.0000000437047341,0.9998477697372437,0.0861711129546165,0.0000000000000000,0.0000000000000000,0.0000000000000000,1.0000000000000000
M 0.9993909597396851,0.0000000015255057,0.0348995029926300,0.0030074119567871,0.0000000000000000,1.0000000000000000,-0.0000000437113883,0.0000000000000000,-0.0348995029926300,0.0000000436847678,0.9993909597396851,0.1723160296678543,0.0000000000000000,0.0000000000000000,0.0000000000000000,1.0000000000000000
M 0.9986295700073242,0.0000000022876769,0.0523359477519989,0.0067663192749023,0.0000000000000000,1.0000000000000000,-0.0000000437113883,0.0000000000000000,-0.0523359477519989,0.0000000436514860,0.9986295700073242,0.2584085166454315,0.0000000000000000,0.0000000000000000,0.0000000000000000,1.0000000000000000
M 0.9975640773773193,0.0000000030491525,0.0697564780712128,0.0120272636413574,0.0000000000000000,1.0000000000000000,-0.0000000437113883,0.0000000000000000,-0.0697564780712128,0.0000000436049099,0.9975640773773193,0.3444227874279022,0.0000000000000000,0.0000000000000000,0.0000000000000000,1.0000000000000000
M 0.9961948394775391,0.0000000038096979,0.0871557295322418,0.0187883377075195,0.0000000000000000,1.0000000000000000,-0.0000000437113883,0.0000000000000000,-0.0871557295322418,0.0000000435450609,0.9961948394775391,0.4303312003612518,0.0000000000000000,0.0000000000000000,0.0000000000000000,1.0000000000000000
M 0.9945219755172729,0.0000000045690838,0.1045284569263458,0.0270478725433350,0.0000000000000000,1.0000000000000000,-0.0000000437113883,0.0000000000000000,-0.1045284569263458,0.0000000434719354,0.9945219755172729,0.5161091685295105,0.0000000000000000,0.0000000000000000,0.0000000000000000,1.0000000000000000
M 0.9925462603569031,0.0000000053270801,0.1218693852424622,0.0368027687072754,0.0000000000000000,1.0000000000000000,-0.0000000437113883,0.0000000000000000,-0.1218693852424622,0.0000000433855760,0.9925462603569031,0.6017298102378845,0.0000000000000000,0.0000000000000000,0.0000000000000000,1.0000000000000000
M 0.9902681708335876,0.0000000060834489,0.1391730904579163,0.0480511188507080,0.0000000000000000,1.0000000000000000,-0.0000000437113883,0.0000000000000000,-0.1391730904579163,0.0000000432859970,0.9902681708335876,0.6871668696403503,0.0000000000000000,0.0000000000000000,0.0000000000000000,1.0000000000000000
M 0.9876884222030640,0.0000000068379666,0.1564344465732574,0.0607886314392090,0.0000000000000000,1.0000000000000000,-0.0000000437113883,0.0000000000000000,-0.1564344465732574,0.0000000431732339,0.9876884222030640,0.7723950743675232,0.0000000000000000,0.0000000000000000,0.0000000000000000,1.0000000000000000
M 0.9848078489303589,0.0000000075904021,0.1736481487751007,0.0750112533569336,0.0000000000000000,1.0000000000000000,-0.0000000437113883,0.0000000000000000,-0.1736481487751007,0.0000000430473186,0.9848078489303589,0.8573879599571228,0.0000000000000000,0.0000000000000000,0.0000000000000000,1.0000000000000000
M 0.9816272854804993,0.0000000083405292,0.1908090710639954,0.0907154083251953,0.0000000000000000,1.0000000000000000,-0.0000000437113883,0.0000000000000000,-0.1908090710639954,0.0000000429082903,0.9816272854804993,0.9421195387840271,0.0000000000000000,0.0000000000000000,0.0000000000000000,1.0000000000000000
M 0.9781476259231567,0.0000000090881089,0.2079117000102997,0.1078960895538330,0.0000000000000000,1.0000000000000000,-0.0000000437113883,0.0000000000000000,-0.2079117000102997,0.0000000427561915,0.9781476259231567,1.0265638828277588,0.0000000000000000,0.0000000000000000,0.0000000000000000,1.0000000000000000
M 0.9743701219558716,0.0000000098329220,0.2249510288238525,0.1265474557876587,0.0000000000000000,1.0000000000000000,-0.0000000437113883,0.0000000000000000,-0.2249510288238525,0.0000000425910720,0.9743701219558716,1.1106959581375122,0.0000000000000000,0.0000000000000000,0.0000000000000000,1.0000000000000000
M 0.9702957868576050,0.0000000105747411,0.2419218719005585,0.1466643810272217,0.0000000000000000,1.0000000000000000,-0.0000000437113883,0.0000000000000000,-0.2419218719005585,0.0000000424129745,0.9702957868576050,1.1944892406463623,0.0000000000000000,0.0000000000000000,0.0000000000000000,1.0000000000000000
M 0.9659258723258972,0.0000000113133396,0.2588190436363220,0.1682411432266235,0.0000000000000000,1.0000000000000000,-0.0000000437113883,0.0000000000000000,-0.2588190436363220,0.0000000422219593,0.9659258723258972,1.2779189348220825,0.0000000000000000,0.0000000000000000,0.0000000000000000,1.0000000000000000
M 0.9612617492675781,0.0000000120484929,0.2756373882293701,0.1912699937820435,0.0000000000000000,1.0000000000000000,-0.0000000437113883,0.0000000000000000,-0.2756373882293701,0.0000000420180868,0.9612617492675781,1.3609596490859985,0.0000000000000000,0.0000000000000000,0.0000000000000000,1.0000000000000000
M 0.9563047885894775,0.0000000127799735,0.2923717200756073,0.2157452106475830,0.0000000000000000,1.0000000000000000,-0.0000000437113883,0.0000000000000000,-0.2923717200756073,0.0000000418014103,0.9563047885894775,1.4435851573944092,0.0000000000000000,0.0000000000000000,0.0000000000000000,1.0000000000000000
M 0.9510565996170044,0.0000000135075631,0.3090170323848724,0.2416580915451050,0.0000000000000000,1.0000000000000000,-0.0000000437113883,0.0000000000000000,-0.3090170323848724,0.0000000415720045,0.9510565996170044,1.5257714986801147,0.0000000000000000,0.0000000000000000,0.0000000000000000,1.0000000000000000
M 0.9455186724662781,0.0000000142310350,0.3255681395530701,0.2690017223358154,0.0000000000000000,1.0000000000000000,-0.0000000437113883,0.0000000000000000,-0.3255681395530701,0.0000000413299333,0.9455186724662781,1.6074926853179932,0.0000000000000000,0.0000000000000000,0.0000000000000000,1.0000000000000000
M 0.9396926164627075,0.0000000149501744,0.3420201241970062,0.2977675199508667,0.0000000000000000,1.0000000000000000,-0.0000000437113883,0.0000000000000000,-0.3420201241970062,0.0000000410752676,0.9396926164627075,1.6887243986129761,0.0000000000000000,0.0000000000000000,0.0000000000000000,1.0000000000000000
M 0.9335805177688599,0.0000000156647602,0.3583679497241974,0.3279464244842529,0.0000000000000000,1.0000000000000000,-0.0000000437113883,0.0000000000000000,-0.3583679497241974,0.0000000408081000,0.9335805177688599,1.7694418430328369,0.0000000000000000,0.0000000000000000,0.0000000000000000,1.0000000000000000
M 0.9271839857101440,0.0000000163745764,0.3746066391468048,0.3595293760299683,0.0000000000000000,1.0000000000000000,-0.0000000437113883,0.0000000000000000,-0.3746066391468048,0.0000000405284979,0.9271839857101440,1.8496202230453491,0.0000000000000000,0.0000000000000000,0.0000000000000000,1.0000000000000000
M 0.9205049276351929,0.0000000170794028,0.3907311856746674,0.3925070762634277,0.0000000000000000,1.0000000000000000,-0.0000000437113883,0.0000000000000000,-0.3907311856746674,0.0000000402365465,0.9205049276351929,1.9292349815368652,0.0000000000000000,0.0000000000000000,0.0000000000000000,1.0000000000000000
M 0.9135454893112183,0.0000000177790227,0.4067366123199463,0.4268690347671509,0.0000000000000000,1.0000000000000000,-0.0000000437113883,0.0000000000000000,-0.4067366123199463,0.0000000399323419,0.9135454893112183,2.0082621574401855,0.0000000000000000,0.0000000000000000,0.0000000000000000,1.0000000000000000
M 0.9063078165054321,0.0000000184732318,0.4226182699203491,0.4626051187515259,0.0000000000000000,1.0000000000000000,-0.0000000437113883,0.0000000000000000,-0.4226182699203491,0.0000000396159727,0.9063078165054321,2.0866775512695312,0.0000000000000000,0.0000000000000000,0.0000000000000000,1.0000000000000000
M 0.8987940549850464,0.0000000191618135,0.4383711814880371,0.4997042417526245,0.0000000000000000,1.0000000000000000,-0.0000000437113883,0.0000000000000000,-0.4383711814880371,0.0000000392875350,0.8987940549850464,2.1644575595855713,0.0000000000000000,0.0000000000000000,0.0000000000000000,1.0000000000000000
M 0.8910065889358521,0.0000000198445580,0.4539905488491058,0.5381548404693604,0.0000000000000000,1.0000000000000000,-0.0000000437113883,0.0000000000000000,-0.4539905488491058,0.0000000389471353,0.8910065889358521,2.2415783405303955,0.0000000000000000,0.0000000000000000,0.0000000000000000,1.0000000000000000
M 0.8829476833343506,0.0000000205212558,0.4694716036319733,0.5779458284378052,0.0000000000000000,1.0000000000000000,-0.0000000437113883,0.0000000000000000,-0.4694716036319733,0.0000000385948695,0.8829476833343506,2.3180160522460938,0.0000000000000000,0.0000000000000000,0.0000000000000000,1.0000000000000000
M 0.8746197223663330,0.0000000211917008,0.4848096072673798,0.6190649271011353,0.0000000000000000,1.0000000000000000,-0.0000000437113883,0.0000000000000000,-0.4848096072673798,0.0000000382308407,0.8746197223663330,2.3937473297119141,0.0000000000000000,0.0000000000000000,0.0000000000000000,1.0000000000000000
M 0.8660254478454590,0.0000000218556941,0.5000000000000000,0.6614995002746582,0.0000000000000000,1.0000000000000000,-0.0000000437113883,0.0000000000000000,-0.5000000000000000,0.0000000378551732,0.8660254478454590,2.4687500000000000,0.0000000000000000,0.0000000000000000,0.0000000000000000,1.0000000000000000
M 0.8571673631668091,0.0000000225130314,0.5150381326675415,0.7052363157272339,0.0000000000000000,1.0000000000000000,-0.0000000437113883,0.0000000000000000,-0.5150381326675415,0.0000000374679772,0.8571673631668091,2.5430004596710205,0.0000000000000000,0.0000000000000000,0.0000000000000000,1.0000000000000000
M 0.8480482101440430,0.0000000231635067,0.5299192667007446,0.7502622008323669,0.0000000000000000,1.0000000000000000,-0.0000000437113883,0.0000000000000000,-0.5299192667007446,0.0000000370693662,0.8480482101440430,2.6164765357971191,0.0000000000000000,0.0000000000000000,0.0000000000000000,1.0000000000000000
M 0.8386706113815308,0.0000000238069315,0.5446391105651855,0.7965638637542725,0.0000000000000000,1.0000000000000000,-0.0000000437113883,0.0000000000000000,-0.5446391105651855,0.0000000366594577,0.8386706113815308,2.6891553401947021,0.0000000000000000,0.0000000000000000,0.0000000000000000,1.0000000000000000
M 0.8290376067161560,0.0000000244431000,0.5591929554939270,0.8441268801689148,0.0000000000000000,1.0000000000000000,-0.0000000437113883,0.0000000000000000,-0.5591929554939270,0.0000000362383830,0.8290376067161560,2.7610151767730713,0.0000000000000000,0.0000000000000000,0.0000000000000000,1.0000000000000000
M 0.8191520571708679,0.0000000250718255,0.5735765099525452,0.8929368257522583,0.0000000000000000,1.0000000000000000,-0.0000000437113883,0.0000000000000000,-0.5735765099525452,0.0000000358062735,0.8191520571708679,2.8320336341857910,0.0000000000000000,0.0000000000000000,0.0000000000000000,1.0000000000000000
M 0.8090171217918396,0.0000000256929109,0.5877853035926819,0.9429781436920166,0.0000000000000000,1.0000000000000000,-0.0000000437113883,0.0000000000000000,-0.5877853035926819,0.0000000353632608,0.8090171217918396,2.9021899700164795,0.0000000000000000,0.0000000000000000,0.0000000000000000,1.0000000000000000
M 0.7986355423927307,0.0000000263061715,0.6018150448799133,0.9942370057106018,0.0000000000000000,1.0000000000000000,-0.0000000437113883,0.0000000000000000,-0.6018150448799133,0.0000000349094691,0.7986355423927307,2.9714617729187012,0.0000000000000000,0.0000000000000000,0.0000000000000000,1.0000000000000000
M 0.7880108356475830,0.0000000269114189,0.6156615018844604,1.0466965436935425,0.0000000000000000,1.0000000000000000,-0.0000000437113883,0.0000000000000000,-0.6156615018844604,0.0000000344450477,0.7880108356475830,3.0398285388946533,0.0000000000000000,0.0000000000000000,0.0000000000000000,1.0000000000000000
M 0.7771460413932800,0.0000000275084702,0.6293204426765442,1.1003415584564209,0.0000000000000000,1.0000000000000000,-0.0000000437113883,0.0000000000000000,-0.6293204426765442,0.0000000339701316,0.7771460413932800,3.1072695255279541,0.0000000000000000,0.0000000000000000,0.0000000000000000,1.0000000000000000
M 0.7660444974899292,0.0000000280971424,0.6427876949310303,1.1551554203033447,0.0000000000000000,1.0000000000000000,-0.0000000437113883,0.0000000000000000,-0.6427876949310303,0.0000000334848700,0.7660444974899292,3.1737639904022217,0.0000000000000000,0.0000000000000000,0.0000000000000000,1.0000000000000000
M 0.7547096610069275,0.0000000286772543,0.6560590863227844,1.2111210823059082,0.0000000000000000,1.0000000000000000,-0.0000000437113883,0.0000000000000000,-0.6560590863227844,0.0000000329894085,0.7547096610069275,3.2392916679382324,0.0000000000000000,0.0000000000000000,0.0000000000000000,1.0000000000000000
M 0.7431448101997375,0.0000000292486284,0.6691306233406067,1.2682223320007324,0.0000000000000000,1.0000000000000000,-0.0000000437113883,0.0000000000000000,-0.6691306233406067,0.0000000324838929,0.7431448101997375,3.3038325309753418,0.0000000000000000,0.0000000000000000,0.0000000000000000,1.0000000000000000
M 0.7313537597656250,0.0000000298110940,0.6819983720779419,1.3264405727386475,0.0000000000000000,1.0000000000000000,-0.0000000437113883,0.0000000000000000,-0.6819983720779419,0.0000000319684865,0.7313537597656250,3.3673670291900635,0.0000000000000000,0.0000000000000000,0.0000000000000000,1.0000000000000000
M 0.7193397879600525,0.0000000303644860,0.6946584582328796,1.3857595920562744,0.0000000000000000,1.0000000000000000,-0.0000000437113883,0.0000000000000000,-0.6946584582328796,0.0000000314433422,0.7193397879600525,3.4298760890960693,0.0000000000000000,0.0000000000000000,0.0000000000000000,1.0000000000000000
M 0.7071068286895752,0.0000000309086197,0.7071068286895752,1.4461600780487061,0.0000000000000000,1.0000000000000000,-0.0000000437113883,0.0000000000000000,-0.7071068286895752,0.0000000309086197,0.7071068286895752,3.4913399219512939,0.0000000000000000,0.0000000000000000,0.0000000000000000,1.0000000000000000
M 0.6946583986282349,0.0000000314433422,0.7193398475646973,1.5076240301132202,0.0000000000000000,1.0000000000000000,-0.0000000437113883,0.0000000000000000,-0.7193398475646973,0.0000000303644825,0.6946583986282349,3.5517404079437256,0.0000000000000000,0.0000000000000000,0.0000000000000000,1.0000000000000000
M 0.6819983720779419,0.0000000319684865,0.7313537597656250,1.5701327323913574,0.0000000000000000,1.0000000000000000,-0.0000000437113883,0.0000000000000000,-0.7313537597656250,0.0000000298110940,0.6819983720779419,3.6110591888427734,0.0000000000000000,0.0000000000000000,0.0000000000000000,1.0000000000000000
M 0.6691306233406067,0.0000000324838929,0.7431448101997375,1.6336674690246582,0.0000000000000000,1.0000000000000000,-0.0000000437113883,0.0000000000000000,-0.7431448101997375,0.0000000292486284,0.6691306233406067,3.6692776679992676,0.0000000000000000,0.0000000000000000,0.0000000000000000,1.0000000000000000
M 0.6560590863227844,0.0000000329894085,0.7547096610069275,1.6982082128524780,0.0000000000000000,1.0000000000000000,-0.0000000437113883,0.0000000000000000,-0.7547096610069275,0.0000000286772543,0.6560590863227844,3.7263789176940918,0.0000000000000000,0.0000000000000000,0.0000000000000000,1.0000000000000000
M 0.6427876949310303,0.0000000334848700,0.7660444974899292,1.7637360095977783,0.0000000000000000,1.0000000000000000,-0.0000000437113883,0.0000000000000000,-0.7660444974899292,0.0000000280971424,0.6427876949310303,3.7823445796966553,0.0000000000000000,0.0000000000000000,0.0000000000000000,1.0000000000000000
M 0.6293204426765442,0.0000000339701316,0.7771460413932800,1.8302304744720459,0.0000000000000000,1.0000000000000000,-0.0000000437113883,0.0000000000000000,-0.7771460413932800,0.0000000275084702,0.6293204426765442,3.8371584415435791,0.0000000000000000,0.0000000000000000,0.0000000000000000,1.0000000000000000
M 0.6156615018844604,0.0000000344450477,0.7880108356475830,1.8976712226867676,0.0000000000000000,1.0000000000000000,-0.0000000437113883,0.0000000000000000,-0.7880108356475830,0.0000000269114189,0.6156615018844604,3.8908033370971680,0.0000000000000000,0.0000000000000000,0.0000000000000000,1.0000000000000000
M 0.6018150448799133,0.0000000349094691,0.7986355423927307,1.9660382270812988,0.0000000000000000,1.0000000000000000,-0.0000000437113883,0.0000000000000000,-0.7986355423927307,0.0000000263061715,0.6018150448799133,3.9432630538940430,0.0000000000000000,0.0000000000000000,0.0000000000000000,1.0000000000000000
M 0.5877853035926819,0.0000000353632608,0.8090171217918396,2.0353100299835205,0.0000000000000000,1.0000000000000000,-0.0000000437113883,0.0000000000000000,-0.8090171217918396,0.0000000256929109,0.5877853035926819,3.9945218563079834,0.0000000000000000,0.0000000000000000,0.0000000000000000,1.0000000000000000
M 0.5735764503479004,0.0000000358062771,0.8191521167755127,2.1054663658142090,0.0000000000000000,1.0000000000000000,-0.0000000437113883,0.0000000000000000,-0.8191521167755127,0.0000000250718237,0.5735764503479004,4.0445632934570312,0.0000000000000000,0.0000000000000000,0.0000000000000000,1.0000000000000000
M 0.5591928958892822,0.0000000362383865,0.8290376663208008,2.1764850616455078,0.0000000000000000,1.0000000000000000,-0.0000000437113883,0.0000000000000000,-0.8290376663208008,0.0000000244430982,0.5591928958892822,4.0933732986450195,0.0000000000000000,0.0000000000000000,0.0000000000000000,1.0000000000000000
M 0.5446391105651855,0.0000000366594577,0.8386706113815308,2.2483446598052979,0.0000000000000000,1.0000000000000000,-0.0000000437113883,0.0000000000000000,-0.8386706113815308,0.0000000238069315,0.5446391105651855,4.1409358978271484,0.0000000000000000,0.0000000000000000,0.0000000000000000,1.0000000000000000
M 0.5299193263053894,0.0000000370693627,0.8480481505393982,2.3210234642028809,0.0000000000000000,1.0000000000000000,-0.0000000437113883,0.0000000000000000,-0.8480481505393982,0.0000000231635102,0.5299193263053894,4.1872377395629883,0.0000000000000000,0.0000000000000000,0.0000000000000000,1.0000000000000000
M 0.5150381326675415,0.0000000374679772,0.8571673631668091,2.3944995403289795,0.0000000000000000,1.0000000000000000,-0.0000000437113883,0.0000000000000000,-0.8571673631668091,0.0000000225130314,0.5150381326675415,4.2322635650634766,0.0000000000000000,0.0000000000000000,0.0000000000000000,1.0000000000000000
M 0.5000000000000000,0.0000000378551732,0.8660254478454590,2.4687500000000000,0.0000000000000000,1.0000000000000000,-0.0000000437113883,0.0000000000000000,-0.8660254478454590,0.0000000218556941,0.5000000000000000,4.2760004997253418,0.0000000000000000,0.0000000000000000,0.0000000000000000,1.0000000000000000
M 0.4848096370697021,0.0000000382308407,0.8746197223663330,2.5437524318695068,0.0000000000000000,1.0000000000000000,-0.0000000437113883,0.0000000000000000,-0.8746197223663330,0.0000000211917026,0.4848096370697021,4.3184347152709961,0.0000000000000000,0.0000000000000000,0.0000000000000000,1.0000000000000000
M 0.4694715738296509,0.0000000385948695,0.8829476833343506,2.6194839477539062,0.0000000000000000,1.0000000000000000,-0.0000000437113883,0.0000000000000000,-0.8829476833343506,0.0000000205212540,0.4694715738296509,4.3595538139343262,0.0000000000000000,0.0000000000000000,0.0000000000000000,1.0000000000000000
M 0.4539905488491058,0.0000000389471353,0.8910065889358521,2.6959216594696045,0.0000000000000000,1.0000000000000000,-0.0000000437113883,0.0000000000000000,-0.8910065889358521,0.0000000198445580,0.4539905488491058,4.3993449211120605,0.0000000000000000,0.0000000000000000,0.0000000000000000,1.0000000000000000
M 0.4383711814880371,0.0000000392875350,0.8987940549850464,2.7730422019958496,0.0000000000000000,1.0000000000000000,-0.0000000437113883,0.0000000000000000,-0.8987940549850464,0.0000000191618135,0.4383711814880371,4.4377956390380859,0.0000000000000000,0.0000000000000000,0.0000000000000000,1.0000000000000000
M 0.4226182699203491,0.0000000396159727,0.9063078165054321,2.8508224487304688,0.0000000000000000,1.0000000000000000,-0.0000000437113883,0.0000000000000000,-0.9063078165054321,0.0000000184732318,0.4226182699203491,4.4748950004577637,0.0000000000000000,0.0000000000000000,0.0000000000000000,1.0000000000000000
M 0.4067366123199463,0.0000000399323419,0.9135454893112183,2.9292378425598145,0.0000000000000000,1.0000000000000000,-0.0000000437113883,0.0000000000000000,-0.9135454893112183,0.0000000177790227,0.4067366123199463,4.5106310844421387,0.0000000000000000,0.0000000000000000,0.0000000000000000,1.0000000000000000
M 0.3907311856746674,0.0000000402365465,0.9205049276351929,3.0082650184631348,0.0000000000000000,1.0000000000000000,-0.0000000437113883,0.0000000000000000,-0.9205049276351929,0.0000000170794028,0.3907311856746674,4.5449929237365723,0.0000000000000000,0.0000000000000000,0.0000000000000000,1.0000000000000000
M 0.3746066391468048,0.0000000405284979,0.9271839857101440,3.0878796577453613,0.0000000000000000,1.0000000000000000,-0.0000000437113883,0.0000000000000000,-0.9271839857101440,0.0000000163745764,0.3746066391468048,4.5779705047607422,0.0000000000000000,0.0000000000000000,0.0000000000000000,1.0000000000000000
M 0.3583679497241974,0.0000000408081000,0.9335805177688599,3.1680581569671631,0.0000000000000000,1.0000000000000000,-0.0000000437113883,0.0000000000000000,-0.9335805177688599,0.0000000156647602,0.3583679497241974,4.6095533370971680,0.0000000000000000,0.0000000000000000,0.0000000000000000,1.0000000000000000
M 0.3420201241970062,0.0000000410752676,0.9396926164627075,3.2487754821777344,0.0000000000000000,1.0000000000000000,-0.0000000437113883,0.0000000000000000,-0.9396926164627075,0.0000000149501744,0.3420201241970062,4.6397323608398438,0.0000000000000000,0.0000000000000000,0.0000000000000000,1.0000000000000000
M 0.3255681395530701,0.0000000413299333,0.9455186724662781,3.3300073146820068,0.0000000000000000,1.0000000000000000,-0.0000000437113883,0.0000000000000000,-0.9455186724662781,0.0000000142310350,0.3255681395530701,4.6684980392456055,0.0000000000000000,0.0000000000000000,0.0000000000000000,1.0000000000000000
M 0.3090170323848724,0.0000000415720045,0.9510565996170044,3.4117283821105957,0.0000000000000000,1.0000000000000000,-0.0000000437113883,0.0000000000000000,-0.9510565996170044,0.0000000135075631,0.3090170323848724,4.6958417892456055,0.0000000000000000,0.0000000000000000,0.0000000000000000,1.0000000000000000
M 0.2923716902732849,0.0000000418014139,0.9563048481941223,3.4939150810241699,0.0000000000000000,1.0000000000000000,-0.0000000437113883,0.0000000000000000,-0.9563048481941223,0.0000000127799726,0.2923716902732849,4.7217550277709961,0.0000000000000000,0.0000000000000000,0.0000000000000000,1.0000000000000000
M 0.2756373882293701,0.0000000420180868,0.9612617492675781,3.5765404701232910,0.0000000000000000,1.0000000000000000,-0.0000000437113883,0.0000000000000000,-0.9612617492675781,0.0000000120484929,0.2756373882293701,4.7462301254272461,0.0000000000000000,0.0000000000000000,0.0000000000000000,1.0000000000000000
M 0.2588190436363220,0.0000000422219593,0.9659258723258972,3.6595811843872070,0.0000000000000000,1.0000000000000000,-0.0000000437113883,0.0000000000000000,-0.9659258723258972,0.0000000113133396,0.2588190436363220,4.7692589759826660,0.0000000000000000,0.0000000000000000,0.0000000000000000,1.0000000000000000
M 0.2419218719005585,0.0000000424129745,0.9702957868576050,3.7430107593536377,0.0000000000000000,1.0000000000000000,-0.0000000437113883,0.0000000000000000,-0.9702957868576050,0.0000000105747411,0.2419218719005585,4.7908353805541992,0.0000000000000000,0.0000000000000000,0.0000000000000000,1.0000000000000000
M 0.2249510288238525,0.0000000425910720,0.9743701219558716,3.8268041610717773,0.0000000000000000,1.0000000000000000,-0.0000000437113883,0.0000000000000000,-0.9743701219558716,0.0000000098329220,0.2249510288238525,4.8109526634216309,0.0000000000000000,0.0000000000000000,0.0000000000000000,1.0000000000000000
M 0.2079117000102997,0.0000000427561915,0.9781476259231567,3.9109361171722412,0.0000000000000000,1.0000000000000000,-0.0000000437113883,0.0000000000000000,-0.9781476259231567,0.0000000090881089,0.2079117000102997,4.8296036720275879,0.0000000000000000,0.0000000000000000,0.0000000000000000,1.0000000000000000
M 0.1908089518547058,0.0000000429082903,0.9816272854804993,3.9953808784484863,0.0000000000000000,1.0000000000000000,-0.0000000437113883,0.0000000000000000,-0.9816272854804993,0.0000000083405238,0.1908089518547058,4.8467845916748047,0.0000000000000000,0.0000000000000000,0.0000000000000000,1.0000000000000000
M 0.1736481189727783,0.0000000430473186,0.9848078489303589,4.0801124572753906,0.0000000000000000,1.0000000000000000,-0.0000000437113883,0.0000000000000000,-0.9848078489303589,0.0000000075904003,0.1736481189727783,4.8624887466430664,0.0000000000000000,0.0000000000000000,0.0000000000000000,1.0000000000000000
M 0.1564344465732574,0.0000000431732339,0.9876884222030640,4.1651048660278320,0.0000000000000000,1.0000000000000000,-0.0000000437113883,0.0000000000000000,-0.9876884222030640,0.0000000068379666,0.1564344465732574,4.8767113685607910,0.0000000000000000,0.0000000000000000,0.0000000000000000,1.0000000000000000
M 0.1391730904579163,0.0000000432859970,0.9902681708335876,4.2503328323364258,0.0000000000000000,1.0000000000000000,-0.0000000437113883,0.0000000000000000,-0.9902681708335876,0.0000000060834489,0.1391730904579163,4.8894486427307129,0.0000000000000000,0.0000000000000000,0.0000000000000000,1.0000000000000000
M 0.1218693852424622,0.0000000433855760,0.9925462603569031,4.3357701301574707,0.0000000000000000,1.0000000000000000,-0.0000000437113883,0.0000000000000000,-0.9925462603569031,0.0000000053270801,0.1218693852424622,4.9006972312927246,0.0000000000000000,0.0000000000000000,0.0000000000000000,1.0000000000000000
M 0.1045284569263458,0.0000000434719354,0.9945219755172729,4.4213905334472656,0.0000000000000000,1.0000000000000000,-0.0000000437113883,0.0000000000000000,-0.9945219755172729,0.0000000045690838,0.1045284569263458,4.9104518890380859,0.0000000000000000,0.0000000000000000,0.0000000000000000,1.0000000000000000
M 0.0871557295322418,0.0000000435450609,0.9961948394775391,4.5071687698364258,0.0000000000000000,1.0000000000000000,-0.0000000437113883,0.0000000000000000,-0.9961948394775391,0.0000000038096979,0.0871557295322418,4.9187116622924805,0.0000000000000000,0.0000000000000000,0.0000000000000000,1.0000000000000000
M 0.0697564780712128,0.0000000436049099,0.9975640773773193,4.5930771827697754,0.0000000000000000,1.0000000000000000,-0.0000000437113883,0.0000000000000000,-0.9975640773773193,0.0000000030491525,0.0697564780712128,4.9254727363586426,0.0000000000000000,0.0000000000000000,0.0000000000000000,1.0000000000000000
M 0.0523359477519989,0.0000000436514860,0.9986295700073242,4.6790914535522461,0.0000000000000000,1.0000000000000000,-0.0000000437113883,0.0000000000000000,-0.9986295700073242,0.0000000022876769,0.0523359477519989,4.9307336807250977,0.0000000000000000,0.0000000000000000,0.0000000000000000,1.0000000000000000
M 0.0348995029926300,0.0000000436847678,0.9993909597396851,4.7651839256286621,0.0000000000000000,1.0000000000000000,-0.0000000437113883,0.0000000000000000,-0.9993909597396851,0.0000000015255057,0.0348995029926300,4.9344925880432129,0.0000000000000000,0.0000000000000000,0.0000000000000000,1.0000000000000000
M 0.0174522995948792,0.0000000437047305,0.9998477101325989,4.8513288497924805,0.0000000000000000,1.0000000000000000,-0.0000000437113883,0.0000000000000000,-0.9998477101325989,0.0000000007628643,0.0174522995948792,4.9367480278015137,0.0000000000000000,0.0000000000000000,0.0000000000000000,1.0000000000000000
M 0.0000000000000000,0.0000000437113883,1.0000000000000000,4.9375000000000000,0.0000000000000000,1.0000000000000000,-0.0000000437113883,0.0000000000000000,-1.0000000000000000,-0.0000000000000000,-0.0000000000000000,4.9375000000000000,0.0000000000000000,0.0000000000000000,0.0000000000000000,1.0000000000000000
