O BOGEY_REAR_2
A BOGEY_REAR_2
M 1.0000000000000000,0.0000000000000000,0.0000000000000000,0.0000000000000000,0.0000000000000000,1.0000000000000000,-0.0000000437113883,0.0000000000000000,-0.0000000000000000,0.0000000437113883,1.0000000000000000,-0.0000000000000000,0.0000000000000000,0.0000000000000000,0.0000000000000000,1.0000000000000000
M 1.0000000000000000,0.0000000000000000,0.0000000000000000,0.0000000000000000,0.0000000000000000,0.9902680516242981,-0.1391731500625610,0.0714112892746925,-0.0000000000000000,0.1391731500625610,0.9902680516242981,-0.0212289839982986,0.0000000000000000,0.0000000000000000,0.0000000000000000,1.0000000000000000
M 1.0000000000000000,0.0000000000000000,0.0000000000000000,0.0000000000000000,0.0000000000000000,0.9612616896629333,-0.2756373882293701,0.1450821161270142,-0.0000000000000000,0.2756373882293701,0.9612616896629333,-0.0323128476738930,0.0000000000000000,0.0000000000000000,0.0000000000000000,1.0000000000000000
M 1.0000000000000000,0.0000000000000000,0.0000000000000000,0.0000000000000000,0.0000000000000000,0.9135454297065735,-0.4067366719245911,0.2195785492658615,-0.0000000000000000,0.4067366719245911,0.9135454297065735,-0.0330358371138573,0.0000000000000000,0.0000000000000000,0.0000000000000000,1.0000000000000000
M 1.0000000000000000,0.0000000000000000,0.0000000000000000,0.0000000000000000,0.0000000000000000,0.8480480909347534,-0.5299193263053894,0.2934506237506866,-0.0000000000000000,0.5299193263053894,0.8480480909347534,-0.0233839079737663,0.0000000000000000,0.0000000000000000,0.0000000000000000,1.0000000000000000
M 1.0000000000000000,0.0000000000000000,0.0000000000000000,0.0000000000000000,0.0000000000000000,0.7660444378852844,-0.6427876949310303,0.3652604818344116,-0.0000000000000000,0.6427876949310303,0.7660444378852844,-0.0035448968410492,0.0000000000000000,0.0000000000000000,0.0000000000000000,1.0000000000000000
M 1.0000000000000000,0.0000000000000000,0.0000000000000000,0.0000000000000000,0.0000000000000000,0.6691305041313171,-0.7431448698043823,0.4336104393005371,-0.0000000000000000,0.7431448698043823,0.6691305041313171,0.0260950624942780,0.0000000000000000,0.0000000000000000,0.0000000000000000,1.0000000000000000
M 1.0000000000000000,0.0000000000000000,0.0000000000000000,0.0000000000000000,0.0000000000000000,0.5591927766799927,-0.8290376067161560,0.4971701502799988,-0.0000000000000000,0.8290376067161560,0.5591927766799927,0.0649590343236923,0.0000000000000000,0.0000000000000000,0.0000000000000000,1.0000000000000000
M 1.0000000000000000,0.0000000000000000,0.0000000000000000,0.0000000000000000,0.0000000000000000,0.4383711218833923,-0.8987940549850464,0.5547024607658386,-0.0000000000000000,0.8987940549850464,0.4383711218833923,0.1122905462980270,0.0000000000000000,0.0000000000000000,0.0000000000000000,1.0000000000000000
M 1.0000000000000000,0.0000000000000000,0.0000000000000000,0.0000000000000000,0.0000000000000000,0.3090169429779053,-0.9510565400123596,0.6050875782966614,-0.0000000000000000,0.9510565400123596,0.3090169429779053,0.1671684086322784,0.0000000000000000,0.0000000000000000,0.0000000000000000,1.0000000000000000
M 1.0000000000000000,0.0000000000000000,0.0000000000000000,0.0000000000000000,0.0000000000000000,0.1736480593681335,-0.9848077893257141,0.6473448872566223,-0.0000000000000000,0.9848077893257141,0.1736480593681335,0.2285244762897491,0.0000000000000000,0.0000000000000000,0.0000000000000000,1.0000000000000000
M 1.0000000000000000,0.0000000000000000,0.0000000000000000,0.0000000000000000,0.0000000000000000,0.0348993316292763,-0.9993908405303955,0.6806517839431763,-0.0000000000000000,0.9993908405303955,0.0348993316292763,0.2951645255088806,0.0000000000000000,0.0000000000000000,0.0000000000000000,1.0000000000000000
M 1.0000000000000000,0.0000000000000000,0.0000000000000000,0.0000000000000000,0.0000000000000000,-0.1045285537838936,-0.9945219159126282,0.7043600678443909,-0.0000000000000000,0.9945219159126282,-0.1045285537838936,0.3657913804054260,0.0000000000000000,0.0000000000000000,0.0000000000000000,1.0000000000000000
M 1.0000000000000000,0.0000000000000000,0.0000000000000000,0.0000000000000000,0.0000000000000000,-0.2419220209121704,-0.9702957272529602,0.7180082201957703,-0.0000000000000000,0.9702957272529602,-0.2419220209121704,0.4390305280685425,0.0000000000000000,0.0000000000000000,0.0000000000000000,1.0000000000000000
M 1.0000000000000000,0.0000000000000000,0.0000000000000000,0.0000000000000000,0.0000000000000000,-0.3746067583560944,-0.9271838068962097,0.7213306427001953,-0.0000000000000000,0.9271838068962097,-0.3746067583560944,0.5134564042091370,0.0000000000000000,0.0000000000000000,0.0000000000000000,1.0000000000000000
M 1.0000000000000000,0.0000000000000000,0.0000000000000000,0.0000000000000000,0.0000000000000000,-0.5000001192092896,-0.8660253882408142,0.7142627239227295,-0.0000000000000000,0.8660253882408142,-0.5000001192092896,0.5876202583312988,0.0000000000000000,0.0000000000000000,0.0000000000000000,1.0000000000000000
M 1.0000000000000000,0.0000000000000000,0.0000000000000000,0.0000000000000000,0.0000000000000000,-0.6156615018844604,-0.7880107760429382,0.6969419121742249,-0.0000000000000000,0.7880107760429382,-0.6156615018844604,0.6600787043571472,0.0000000000000000,0.0000000000000000,0.0000000000000000,1.0000000000000000
M 1.0000000000000000,0.0000000000000000,0.0000000000000000,0.0000000000000000,0.0000000000000000,-0.7193399667739868,-0.6946582198143005,0.6697053909301758,-0.0000000000000000,0.6946582198143005,-0.7193399667739868,0.7294214963912964,0.0000000000000000,0.0000000000000000,0.0000000000000000,1.0000000000000000
M 1.0000000000000000,0.0000000000000000,0.0000000000000000,0.0000000000000000,0.0000000000000000,-0.8090170621871948,-0.5877851247787476,0.6330832839012146,-0.0000000000000000,0.5877851247787476,-0.8090170621871948,0.7942988276481628,0.0000000000000000,0.0000000000000000,0.0000000000000000,1.0000000000000000
M 1.0000000000000000,0.0000000000000000,0.0000000000000000,0.0000000000000000,0.0000000000000000,-0.8829475641250610,-0.4694715440273285,0.5877884626388550,-0.0000000000000000,0.4694715440273285,-0.8829475641250610,0.8534478545188904,0.0000000000000000,0.0000000000000000,0.0000000000000000,1.0000000000000000
M 1.0000000000000000,0.0000000000000000,0.0000000000000000,0.0000000000000000,0.0000000000000000,-0.9396926760673523,-0.3420199751853943,0.5347023606300354,-0.0000000000000000,0.3420199751853943,-0.9396926760673523,0.9057176113128662,0.0000000000000000,0.0000000000000000,0.0000000000000000,1.0000000000000000
M 1.0000000000000000,0.0000000000000000,0.0000000000000000,0.0000000000000000,0.0000000000000000,-0.9781476259231567,-0.2079115658998489,0.4748584926128387,-0.0000000000000000,0.2079115658998489,-0.9781476259231567,0.9500904083251953,0.0000000000000000,0.0000000000000000,0.0000000000000000,1.0000000000000000
M 1.0000000000000000,0.0000000000000000,0.0000000000000000,0.0000000000000000,0.0000000000000000,-0.9975640773773193,-0.0697561874985695,0.4094213843345642,-0.0000000000000000,0.0697561874985695,-0.9975640773773193,0.9857027530670166,0.0000000000000000,0.0000000000000000,0.0000000000000000,1.0000000000000000
M 1.0000000000000000,0.0000000000000000,0.0000000000000000,0.0000000000000000,0.0000000000000000,-0.9975640773773193,0.0697564482688904,0.3396650552749634,-0.0000000000000000,-0.0697564482688904,-0.9975640773773193,1.0118613243103027,0.0000000000000000,0.0000000000000000,0.0000000000000000,1.0000000000000000
M 1.0000000000000000,0.0000000000000000,0.0000000000000000,0.0000000000000000,0.0000000000000000,-0.9781475663185120,0.2079118341207504,0.2669467926025391,-0.0000000000000000,-0.2079118341207504,-0.9781475663185120,1.0280572175979614,0.0000000000000000,0.0000000000000000,0.0000000000000000,1.0000000000000000
M 1.0000000000000000,0.0000000000000000,0.0000000000000000,0.0000000000000000,0.0000000000000000,-0.9396926164627075,0.3420201838016510,0.1926822960376740,-0.0000000000000000,-0.3420201838016510,-0.9396926164627075,1.0339751243591309,0.0000000000000000,0.0000000000000000,0.0000000000000000,1.0000000000000000
M 1.0000000000000000,0.0000000000000000,0.0000000000000000,0.0000000000000000,0.0000000000000000,-0.8829475045204163,0.4694717526435852,0.1183167994022369,-0.0000000000000000,-0.4694717526435852,-0.8829475045204163,1.0294996500015259,0.0000000000000000,0.0000000000000000,0.0000000000000000,1.0000000000000000
M 1.0000000000000000,0.0000000000000000,0.0000000000000000,0.0000000000000000,0.0000000000000000,-0.8090169429779053,0.5877854228019714,0.0452979952096939,-0.0000000000000000,-0.5877854228019714,-0.8090169429779053,1.0147181749343872,0.0000000000000000,0.0000000000000000,0.0000000000000000,1.0000000000000000
M 1.0000000000000000,0.0000000000000000,0.0000000000000000,0.0000000000000000,0.0000000000000000,-0.7193395495414734,0.6946586370468140,-0.0249531120061874,-0.0000000000000000,-0.6946586370468140,-0.7193395495414734,0.9899182915687561,0.0000000000000000,0.0000000000000000,0.0000000000000000,1.0000000000000000
M 1.0000000000000000,0.0000000000000000,0.0000000000000000,0.0000000000000000,0.0000000000000000,-0.6156614422798157,0.7880107164382935,-0.0910688266158104,-0.0000000000000000,-0.7880107164382935,-0.6156614422798157,0.9555827379226685,0.0000000000000000,0.0000000000000000,0.0000000000000000,1.0000000000000000
M 1.0000000000000000,0.0000000000000000,0.0000000000000000,0.0000000000000000,0.0000000000000000,-0.4999998807907104,0.8660254478454590,-0.1517627388238907,-0.0000000000000000,-0.8660254478454590,-0.4999998807907104,0.9123797416687012,0.0000000000000000,0.0000000000000000,0.0000000000000000,1.0000000000000000
M 1.0000000000000000,0.0000000000000000,0.0000000000000000,0.0000000000000000,0.0000000000000000,-0.3746063113212585,0.9271839857101440,-0.2058533132076263,-0.0000000000000000,-0.9271839857101440,-0.3746063113212585,0.8611501455307007,0.0000000000000000,0.0000000000000000,0.0000000000000000,1.0000000000000000
M 1.0000000000000000,0.0000000000000000,0.0000000000000000,0.0000000000000000,0.0000000000000000,-0.2419218868017197,0.9702957272529602,-0.2522875070571899,-0.0000000000000000,-0.9702957272529602,-0.2419218868017197,0.8028914332389832,0.0000000000000000,0.0000000000000000,0.0000000000000000,1.0000000000000000
M 1.0000000000000000,0.0000000000000000,0.0000000000000000,0.0000000000000000,0.0000000000000000,-0.1045282930135727,0.9945219159126282,-0.2901619076728821,-0.0000000000000000,-0.9945219159126282,-0.1045282930135727,0.7387370467185974,0.0000000000000000,0.0000000000000000,0.0000000000000000,1.0000000000000000
M 1.0000000000000000,0.0000000000000000,0.0000000000000000,0.0000000000000000,0.0000000000000000,0.0348998308181763,0.9993908405303955,-0.3187391161918640,-0.0000000000000000,-0.9993908405303955,0.0348998308181763,0.6699358820915222,0.0000000000000000,0.0000000000000000,0.0000000000000000,1.0000000000000000
M 1.0000000000000000,0.0000000000000000,0.0000000000000000,0.0000000000000000,0.0000000000000000,0.1736486703157425,0.9848076701164246,-0.3374629616737366,-0.0000000000000000,-0.9848076701164246,0.1736486703157425,0.5978271365165710,0.0000000000000000,0.0000000000000000,0.0000000000000000,1.0000000000000000
M 1.0000000000000000,0.0000000000000000,0.0000000000000000,0.0000000000000000,0.0000000000000000,0.3090171515941620,0.9510564804077148,-0.3459689617156982,-0.0000000000000000,-0.9510564804077148,0.3090171515941620,0.5238145589828491,0.0000000000000000,0.0000000000000000,0.0000000000000000,1.0000000000000000
M 1.0000000000000000,0.0000000000000000,0.0000000000000000,0.0000000000000000,0.0000000000000000,0.4383714497089386,0.8987939357757568,-0.3440915942192078,-0.0000000000000000,-0.8987939357757568,0.4383714497089386,0.4493381381034851,0.0000000000000000,0.0000000000000000,0.0000000000000000,1.0000000000000000
M 1.0000000000000000,0.0000000000000000,0.0000000000000000,0.0000000000000000,0.0000000000000000,0.5591929554939270,0.8290376067161560,-0.3318674564361572,-0.0000000000000000,-0.8290376067161560,0.5591929554939270,0.3758481144905090,0.0000000000000000,0.0000000000000000,0.0000000000000000,1.0000000000000000
M 1.0000000000000000,0.0000000000000000,0.0000000000000000,0.0000000000000000,0.0000000000000000,0.6691308021545410,0.7431447505950928,-0.3095343708992004,-0.0000000000000000,-0.7431447505950928,0.6691308021545410,0.3047742843627930,0.0000000000000000,0.0000000000000000,0.0000000000000000,1.0000000000000000
M 1.0000000000000000,0.0000000000000000,0.0000000000000000,0.0000000000000000,0.0000000000000000,0.7660446166992188,0.6427873373031616,-0.2775270640850067,-0.0000000000000000,-0.6427873373031616,0.7660446166992188,0.2375003248453140,0.0000000000000000,0.0000000000000000,0.0000000000000000,1.0000000000000000
M 1.0000000000000000,0.0000000000000000,0.0000000000000000,0.0000000000000000,0.0000000000000000,0.8480480909347534,0.5299192070960999,-0.2364686429500580,-0.0000000000000000,-0.5299192070960999,0.8480480909347534,0.1753358244895935,0.0000000000000000,0.0000000000000000,0.0000000000000000,1.0000000000000000
M 1.0000000000000000,0.0000000000000000,0.0000000000000000,0.0000000000000000,0.0000000000000000,0.9135455489158630,0.4067364633083344,-0.1871580332517624,-0.0000000000000000,-0.4067364633083344,0.9135455489158630,0.1194903180003166,0.0000000000000000,0.0000000000000000,0.0000000000000000,1.0000000000000000
M 1.0000000000000000,0.0000000000000000,0.0000000000000000,0.0000000000000000,0.0000000000000000,0.9612616300582886,0.2756374776363373,-0.1305553019046783,-0.0000000000000000,-0.2756374776363373,0.9612616300582886,0.0710512176156044,0.0000000000000000,0.0000000000000000,0.0000000000000000,1.0000000000000000
M 1.0000000000000000,0.0000000000000000,0.0000000000000000,0.0000000000000000,0.0000000000000000,0.9902681112289429,0.1391725689172745,-0.0677615702152252,-0.0000000000000000,-0.1391725689172745,0.9902681112289429,0.0309608094394207,0.0000000000000000,0.0000000000000000,0.0000000000000000,1.0000000000000000
M 1.0000000000000000,0.0000000000000000,0.0000000000000000,0.0000000000000000,0.0000000000000000,1.0000000000000000,-0.0000002185569485,0.0000000874227766,-0.0000000000000000,0.0000002185569485,1.0000000000000000,-0.0000000327835394,0.0000000000000000,0.0000000000000000,0.0000000000000000,1.0000000000000000
M 1.0000000000000000,0.0000000000000000,0.0000000000000000,0.0000000000000000,0.0000000000000000,0.9902681112289429,-0.1391730010509491,0.0714112147688866,-0.0000000000000000,0.1391730010509491,0.9902681112289429,-0.0212289839982986,0.0000000000000000,0.0000000000000000,0.0000000000000000,1.0000000000000000
M 1.0000000000000000,0.0000000000000000,0.0000000000000000,0.0000000000000000,0.0000000000000000,0.9612615704536438,-0.2756378650665283,0.1450823694467545,-0.0000000000000000,0.2756378650665283,0.9612615704536438,-0.0323128774762154,0.0000000000000000,0.0000000000000000,0.0000000000000000,1.0000000000000000
M 1.0000000000000000,0.0000000000000000,0.0000000000000000,0.0000000000000000,0.0000000000000000,0.9135453701019287,-0.4067368507385254,0.2195786535739899,-0.0000000000000000,0.4067368507385254,0.9135453701019287,-0.0330358371138573,0.0000000000000000,0.0000000000000000,0.0000000000000000,1.0000000000000000
M 1.0000000000000000,0.0000000000000000,0.0000000000000000,0.0000000000000000,0.0000000000000000,0.8480479121208191,-0.5299196243286133,0.2934508025646210,-0.0000000000000000,0.5299196243286133,0.8480479121208191,-0.0233838707208633,0.0000000000000000,0.0000000000000000,0.0000000000000000,1.0000000000000000
M 1.0000000000000000,0.0000000000000000,0.0000000000000000,0.0000000000000000,0.0000000000000000,0.7660444378852844,-0.6427876949310303,0.3652604818344116,-0.0000000000000000,0.6427876949310303,0.7660444378852844,-0.0035448968410492,0.0000000000000000,0.0000000000000000,0.0000000000000000,1.0000000000000000
M 1.0000000000000000,0.0000000000000000,0.0000000000000000,0.0000000000000000,0.0000000000000000,0.6691300272941589,-0.7431452870368958,0.4336107373237610,-0.0000000000000000,0.7431452870368958,0.6691300272941589,0.0260952115058899,0.0000000000000000,0.0000000000000000,0.0000000000000000,1.0000000000000000
M 1.0000000000000000,0.0000000000000000,0.0000000000000000,0.0000000000000000,0.0000000000000000,0.5591925382614136,-0.8290377855300903,0.4971702694892883,-0.0000000000000000,0.8290377855300903,0.5591925382614136,0.0649591088294983,0.0000000000000000,0.0000000000000000,0.0000000000000000,1.0000000000000000
M 1.0000000000000000,0.0000000000000000,0.0000000000000000,0.0000000000000000,0.0000000000000000,0.4383710622787476,-0.8987940549850464,0.5547024607658386,-0.0000000000000000,0.8987940549850464,0.4383710622787476,0.1122905761003494,0.0000000000000000,0.0000000000000000,0.0000000000000000,1.0000000000000000
M 1.0000000000000000,0.0000000000000000,0.0000000000000000,0.0000000000000000,0.0000000000000000,0.3090167641639709,-0.9510565996170044,0.6050876379013062,-0.0000000000000000,0.9510565996170044,0.3090167641639709,0.1671684831380844,0.0000000000000000,0.0000000000000000,0.0000000000000000,1.0000000000000000
M 1.0000000000000000,0.0000000000000000,0.0000000000000000,0.0000000000000000,0.0000000000000000,0.1736482381820679,-0.9848077297210693,0.6473448276519775,-0.0000000000000000,0.9848077297210693,0.1736482381820679,0.2285244166851044,0.0000000000000000,0.0000000000000000,0.0000000000000000,1.0000000000000000
M 1.0000000000000000,0.0000000000000000,0.0000000000000000,0.0000000000000000,0.0000000000000000,0.0348989181220531,-0.9993908405303955,0.6806518435478210,-0.0000000000000000,0.9993908405303955,0.0348989181220531,0.2951647341251373,0.0000000000000000,0.0000000000000000,0.0000000000000000,1.0000000000000000
M 1.0000000000000000,0.0000000000000000,0.0000000000000000,0.0000000000000000,0.0000000000000000,-0.1045287251472473,-0.9945218563079834,0.7043600678443909,-0.0000000000000000,0.9945218563079834,-0.1045287251472473,0.3657914996147156,0.0000000000000000,0.0000000000000000,0.0000000000000000,1.0000000000000000
M 1.0000000000000000,0.0000000000000000,0.0000000000000000,0.0000000000000000,0.0000000000000000,-0.2419218569993973,-0.9702957272529602,0.7180082201957703,-0.0000000000000000,0.9702957272529602,-0.2419218569993973,0.4390304684638977,0.0000000000000000,0.0000000000000000,0.0000000000000000,1.0000000000000000
M 1.0000000000000000,0.0000000000000000,0.0000000000000000,0.0000000000000000,0.0000000000000000,-0.3746066987514496,-0.9271838068962097,0.7213306427001953,-0.0000000000000000,0.9271838068962097,-0.3746066987514496,0.5134563446044922,0.0000000000000000,0.0000000000000000,0.0000000000000000,1.0000000000000000
M 1.0000000000000000,0.0000000000000000,0.0000000000000000,0.0000000000000000,0.0000000000000000,-0.5000002384185791,-0.8660252690315247,0.7142626643180847,-0.0000000000000000,0.8660252690315247,-0.5000002384185791,0.5876203775405884,0.0000000000000000,0.0000000000000000,0.0000000000000000,1.0000000000000000
M 1.0000000000000000,0.0000000000000000,0.0000000000000000,0.0000000000000000,0.0000000000000000,-0.6156618595123291,-0.7880105376243591,0.6969418525695801,-0.0000000000000000,0.7880105376243591,-0.6156618595123291,0.6600789427757263,0.0000000000000000,0.0000000000000000,0.0000000000000000,1.0000000000000000
M 1.0000000000000000,0.0000000000000000,0.0000000000000000,0.0000000000000000,0.0000000000000000,-0.7193402647972107,-0.6946579217910767,0.6697052717208862,-0.0000000000000000,0.6946579217910767,-0.7193402647972107,0.7294217348098755,0.0000000000000000,0.0000000000000000,0.0000000000000000,1.0000000000000000
M 1.0000000000000000,0.0000000000000000,0.0000000000000000,0.0000000000000000,0.0000000000000000,-0.8090174198150635,-0.5877845883369446,0.6330831050872803,-0.0000000000000000,0.5877845883369446,-0.8090174198150635,0.7942990660667419,0.0000000000000000,0.0000000000000000,0.0000000000000000,1.0000000000000000
M 1.0000000000000000,0.0000000000000000,0.0000000000000000,0.0000000000000000,0.0000000000000000,-0.8829475641250610,-0.4694716036319733,0.5877884626388550,-0.0000000000000000,0.4694716036319733,-0.8829475641250610,0.8534478545188904,0.0000000000000000,0.0000000000000000,0.0000000000000000,1.0000000000000000
M 1.0000000000000000,0.0000000000000000,0.0000000000000000,0.0000000000000000,0.0000000000000000,-0.9396926760673523,-0.3420200347900391,0.5347024202346802,-0.0000000000000000,0.3420200347900391,-0.9396926760673523,0.9057175517082214,0.0000000000000000,0.0000000000000000,0.0000000000000000,1.0000000000000000
M 1.0000000000000000,0.0000000000000000,0.0000000000000000,0.0000000000000000,0.0000000000000000,-0.9781476259231567,-0.2079114019870758,0.4748584032058716,-0.0000000000000000,0.2079114019870758,-0.9781476259231567,0.9500904083251953,0.0000000000000000,0.0000000000000000,0.0000000000000000,1.0000000000000000
M 1.0000000000000000,0.0000000000000000,0.0000000000000000,0.0000000000000000,0.0000000000000000,-0.9975640773773193,-0.0697560086846352,0.4094212949275970,-0.0000000000000000,0.0697560086846352,-0.9975640773773193,0.9857027530670166,0.0000000000000000,0.0000000000000000,0.0000000000000000,1.0000000000000000
M 1.0000000000000000,0.0000000000000000,0.0000000000000000,0.0000000000000000,0.0000000000000000,-0.9975640177726746,0.0697570964694023,0.3396647274494171,-0.0000000000000000,-0.0697570964694023,-0.9975640177726746,1.0118614435195923,0.0000000000000000,0.0000000000000000,0.0000000000000000,1.0000000000000000
M 1.0000000000000000,0.0000000000000000,0.0000000000000000,0.0000000000000000,0.0000000000000000,-0.9781476259231567,0.2079115360975266,0.2669469416141510,-0.0000000000000000,-0.2079115360975266,-0.9781476259231567,1.0280572175979614,0.0000000000000000,0.0000000000000000,0.0000000000000000,1.0000000000000000
M 1.0000000000000000,0.0000000000000000,0.0000000000000000,0.0000000000000000,0.0000000000000000,-0.9396923184394836,0.3420210182666779,0.1926818192005157,-0.0000000000000000,-0.3420210182666779,-0.9396923184394836,1.0339751243591309,0.0000000000000000,0.0000000000000000,0.0000000000000000,1.0000000000000000
M 1.0000000000000000,0.0000000000000000,0.0000000000000000,0.0000000000000000,0.0000000000000000,-0.8829475641250610,0.4694716930389404,0.1183168441057205,-0.0000000000000000,-0.4694716930389404,-0.8829475641250610,1.0294997692108154,0.0000000000000000,0.0000000000000000,0.0000000000000000,1.0000000000000000
M 1.0000000000000000,0.0000000000000000,0.0000000000000000,0.0000000000000000,0.0000000000000000,-0.8090168237686157,0.5877855420112610,0.0452979207038879,-0.0000000000000000,-0.5877855420112610,-0.8090168237686157,1.0147181749343872,0.0000000000000000,0.0000000000000000,0.0000000000000000,1.0000000000000000
M 1.0000000000000000,0.0000000000000000,0.0000000000000000,0.0000000000000000,0.0000000000000000,-0.7193394303321838,0.6946587562561035,-0.0249531865119934,-0.0000000000000000,-0.6946587562561035,-0.7193394303321838,0.9899182319641113,0.0000000000000000,0.0000000000000000,0.0000000000000000,1.0000000000000000
M 1.0000000000000000,0.0000000000000000,0.0000000000000000,0.0000000000000000,0.0000000000000000,-0.6156609654426575,0.7880111336708069,-0.0910691246390343,-0.0000000000000000,-0.7880111336708069,-0.6156609654426575,0.9555826187133789,0.0000000000000000,0.0000000000000000,0.0000000000000000,1.0000000000000000
M 1.0000000000000000,0.0000000000000000,0.0000000000000000,0.0000000000000000,0.0000000000000000,-0.4999993145465851,0.8660258054733276,-0.1517630219459534,-0.0000000000000000,-0.8660258054733276,-0.4999993145465851,0.9123795032501221,0.0000000000000000,0.0000000000000000,0.0000000000000000,1.0000000000000000
M 1.0000000000000000,0.0000000000000000,0.0000000000000000,0.0000000000000000,0.0000000000000000,-0.3746065795421600,0.9271838665008545,-0.2058531939983368,-0.0000000000000000,-0.9271838665008545,-0.3746065795421600,0.8611502647399902,0.0000000000000000,0.0000000000000000,0.0000000000000000,1.0000000000000000
M 1.0000000000000000,0.0000000000000000,0.0000000000000000,0.0000000000000000,0.0000000000000000,-0.2419217079877853,0.9702957868576050,-0.2522875666618347,-0.0000000000000000,-0.9702957868576050,-0.2419217079877853,0.8028913140296936,0.0000000000000000,0.0000000000000000,0.0000000000000000,1.0000000000000000
M 1.0000000000000000,0.0000000000000000,0.0000000000000000,0.0000000000000000,0.0000000000000000,-0.1045281141996384,0.9945219159126282,-0.2901619374752045,-0.0000000000000000,-0.9945219159126282,-0.1045281141996384,0.7387369275093079,0.0000000000000000,0.0000000000000000,0.0000000000000000,1.0000000000000000
M 1.0000000000000000,0.0000000000000000,0.0000000000000000,0.0000000000000000,0.0000000000000000,0.0349000059068203,0.9993908405303955,-0.3187391757965088,-0.0000000000000000,-0.9993908405303955,0.0349000059068203,0.6699358224868774,0.0000000000000000,0.0000000000000000,0.0000000000000000,1.0000000000000000
M 1.0000000000000000,0.0000000000000000,0.0000000000000000,0.0000000000000000,0.0000000000000000,0.1736488342285156,0.9848076701164246,-0.3374629914760590,-0.0000000000000000,-0.9848076701164246,0.1736488342285156,0.5978270173072815,0.0000000000000000,0.0000000000000000,0.0000000000000000,1.0000000000000000
M 1.0000000000000000,0.0000000000000000,0.0000000000000000,0.0000000000000000,0.0000000000000000,0.3090168833732605,0.9510565400123596,-0.3459689319133759,-0.0000000000000000,-0.9510565400123596,0.3090168833732605,0.5238146781921387,0.0000000000000000,0.0000000000000000,0.0000000000000000,1.0000000000000000
M 1.0000000000000000,0.0000000000000000,0.0000000000000000,0.0000000000000000,0.0000000000000000,0.4383711814880371,0.8987940549850464,-0.3440916240215302,-0.0000000000000000,-0.8987940549850464,0.4383711814880371,0.4493383169174194,0.0000000000000000,0.0000000000000000,0.0000000000000000,1.0000000000000000
M 1.0000000000000000,0.0000000000000000,0.0000000000000000,0.0000000000000000,0.0000000000000000,0.5591930747032166,0.8290374875068665,-0.3318674266338348,-0.0000000000000000,-0.8290374875068665,0.5591930747032166,0.3758480250835419,0.0000000000000000,0.0000000000000000,0.0000000000000000,1.0000000000000000
M 1.0000000000000000,0.0000000000000000,0.0000000000000000,0.0000000000000000,0.0000000000000000,0.6691309213638306,0.7431446313858032,-0.3095343708992004,-0.0000000000000000,-0.7431446313858032,0.6691309213638306,0.3047741949558258,0.0000000000000000,0.0000000000000000,0.0000000000000000,1.0000000000000000
M 1.0000000000000000,0.0000000000000000,0.0000000000000000,0.0000000000000000,0.0000000000000000,0.7660441398620605,0.6427879333496094,-0.2775272727012634,-0.0000000000000000,-0.6427879333496094,0.7660441398620605,0.2375006824731827,0.0000000000000000,0.0000000000000000,0.0000000000000000,1.0000000000000000
M 1.0000000000000000,0.0000000000000000,0.0000000000000000,0.0000000000000000,0.0000000000000000,0.8480479121208191,0.5299194455146790,-0.2364687323570251,-0.0000000000000000,-0.5299194455146790,0.8480479121208191,0.1753359436988831,0.0000000000000000,0.0000000000000000,0.0000000000000000,1.0000000000000000
M 1.0000000000000000,0.0000000000000000,0.0000000000000000,0.0000000000000000,0.0000000000000000,0.9135457873344421,0.4067358672618866,-0.1871577799320221,-0.0000000000000000,-0.4067358672618866,0.9135457873344421,0.1194900870323181,0.0000000000000000,0.0000000000000000,0.0000000000000000,1.0000000000000000
M 1.0000000000000000,0.0000000000000000,0.0000000000000000,0.0000000000000000,0.0000000000000000,0.9612619876861572,0.2756363749504089,-0.1305548250675201,-0.0000000000000000,-0.2756363749504089,0.9612619876861572,0.0710508301854134,0.0000000000000000,0.0000000000000000,0.0000000000000000,1.0000000000000000
M 1.0000000000000000,0.0000000000000000,0.0000000000000000,0.0000000000000000,0.0000000000000000,0.9902681112289429,0.1391728669404984,-0.0677617192268372,-0.0000000000000000,-0.1391728669404984,0.9902681112289429,0.0309608653187752,0.0000000000000000,0.0000000000000000,0.0000000000000000,1.0000000000000000
M 1.0000000000000000,0.0000000000000000,0.0000000000000000,0.0000000000000000,0.0000000000000000,1.0000000000000000,-0.0000003934025017,0.0000001748455531,-0.0000000000000000,0.0000003934025017,1.0000000000000000,-0.0000000655670789,0.0000000000000000,0.0000000000000000,0.0000000000000000,1.0000000000000000
O BOGEY_FRONT_2
A BOGEY_FRONT_2
M 1.0000000000000000,0.0000000000000000,0.0000000000000000,0.0000000437121628,0.0000000000000000,1.0000000000000000,-0.0000000437113883,0.0000000000000000,-0.0000000000000000,0.0000000437113883,1.0000000000000000,-0.0000000183857765,0.0000000000000000,0.0000000000000000,0.0000000000000000,1.0000000000000000
M 1.0000000000000000,-0.0000000785298013,-0.0000000054913549,0.0000000556908191,0.0000000785298084,0.9902680516242981,0.1391730606555939,0.0714114829897881,-0.0000000054913585,-0.1391730606555939,0.9902680516242981,0.0212289653718472,0.0000000000000000,0.0000000000000000,0.0000000000000000,1.0000000000000000
M 1.0000000000000000,-0.0000001555311115,-0.0000000218585043,0.0000000619449594,0.0000001555311258,0.9612616896629333,0.2756373286247253,0.1450824886560440,-0.0000000218584546,-0.2756373286247253,0.9612616896629333,0.0323127694427967,0.0000000000000000,0.0000000000000000,0.0000000000000000,1.0000000000000000
M 1.0000000000000000,-0.0000002295052042,-0.0000000487828409,0.0000000623529104,0.0000002295051900,0.9135454297065735,0.4067366123199463,0.2195791006088257,-0.0000000487828515,-0.4067366123199463,0.9135454297065735,0.0330356992781162,0.0000000000000000,0.0000000000000000,0.0000000000000000,1.0000000000000000
M 1.0000000000000000,-0.0000002990122141,-0.0000000857403819,0.0000000569066430,0.0000002990122141,0.8480480909347534,0.5299192070960999,0.2934513390064240,-0.0000000857403961,-0.5299192070960999,0.8480480909347534,0.0233836807310581,0.0000000000000000,0.0000000000000000,0.0000000000000000,1.0000000000000000
M 1.0000000000000000,-0.0000003626993248,-0.0000001320117491,0.0000000457122340,0.0000003626993248,0.7660444378852844,0.6427875757217407,0.3652613759040833,-0.0000001320117633,-0.6427875757217407,0.7660444378852844,0.0035445506218821,0.0000000000000000,0.0000000000000000,0.0000000000000000,1.0000000000000000
M 1.0000000000000000,-0.0000004193268524,-0.0000001866963402,0.0000000289875146,0.0000004193268808,0.6691306233406067,0.7431448698043823,0.4336114525794983,-0.0000001866963828,-0.7431448698043823,0.6691306233406067,-0.0260955281555653,0.0000000000000000,0.0000000000000000,0.0000000000000000,1.0000000000000000
M 1.0000000000000000,-0.0000004677927166,-0.0000002487298048,0.0000000070580413,0.0000004677927166,0.5591928958892822,0.8290376067161560,0.4971712827682495,-0.0000002487298332,-0.8290376067161560,0.5591928958892822,-0.0649596452713013,0.0000000000000000,0.0000000000000000,0.0000000000000000,1.0000000000000000
M 1.0000000000000000,-0.0000005071534588,-0.0000003169046465,-0.0000000196493275,0.0000005071535156,0.4383711814880371,0.8987940549850464,0.5547036528587341,-0.0000003169046749,-0.8987940549850464,0.4383711814880371,-0.1122913360595703,0.0000000000000000,0.0000000000000000,0.0000000000000000,1.0000000000000000
M 1.0000000000000000,-0.0000005366430855,-0.0000003898940406,-0.0000000506148083,0.0000005366431424,0.3090170025825500,0.9510565400123596,0.6050888895988464,-0.0000003898940406,-0.9510565400123596,0.3090170025825500,-0.1671693772077560,0.0000000000000000,0.0000000000000000,0.0000000000000000,1.0000000000000000
M 1.0000000000000000,-0.0000005556875635,-0.0000004662772710,-0.0000000852356976,0.0000005556876204,0.1736481487751007,0.9848077893257141,0.6473461985588074,-0.0000004662772710,-0.9848077893257141,0.1736481487751007,-0.2285256385803223,0.0000000000000000,0.0000000000000000,0.0000000000000000,1.0000000000000000
M 1.0000000000000000,-0.0000005639162168,-0.0000005445676265,-0.0000001228381024,0.0000005639162168,0.0348994210362434,0.9993908405303955,0.6806531548500061,-0.0000005445676265,-0.9993908405303955,0.0348994210362434,-0.2951658666133881,0.0000000000000000,0.0000000000000000,0.0000000000000000,1.0000000000000000
M 1.0000000000000000,-0.0000005611688607,-0.0000006232411920,-0.0000001626901280,0.0000005611688607,-0.1045284643769264,0.9945219159126282,0.7043614387512207,-0.0000006232411920,-0.9945219159126282,-0.1045284643769264,-0.3657929301261902,0.0000000000000000,0.0000000000000000,0.0000000000000000,1.0000000000000000
M 1.0000000000000000,-0.0000005474990417,-0.0000007007668046,-0.0000002040161462,0.0000005474990417,-0.2419219315052032,0.9702957272529602,0.7180095911026001,-0.0000007007668046,-0.9702957272529602,-0.2419219315052032,-0.4390322566032410,0.0000000000000000,0.0000000000000000,0.0000000000000000,1.0000000000000000
M 1.0000000000000000,-0.0000005231727300,-0.0000007756354989,-0.0000002460117798,0.0000005231726732,-0.3746066987514496,0.9271838068962097,0.7213319540023804,-0.0000007756354989,-0.9271838068962097,-0.3746066987514496,-0.5134583115577698,0.0000000000000000,0.0000000000000000,0.0000000000000000,1.0000000000000000
M 1.0000000000000000,-0.0000004886634883,-0.0000008463899803,-0.0000002878595637,0.0000004886634315,-0.5000000000000000,0.8660253882408142,0.7142639160156250,-0.0000008463899803,-0.8660253882408142,-0.5000000000000000,-0.5876223444938660,0.0000000000000000,0.0000000000000000,0.0000000000000000,1.0000000000000000
M 1.0000000000000000,-0.0000004446429216,-0.0000009116530464,-0.0000003287450738,0.0000004446429216,-0.6156613826751709,0.7880107760429382,0.6969429850578308,-0.0000009116530464,-0.7880107760429382,-0.6156613826751709,-0.6600809097290039,0.0000000000000000,0.0000000000000000,0.0000000000000000,1.0000000000000000
M 1.0000000000000000,-0.0000003919678591,-0.0000009701545878,-0.0000003678725307,0.0000003919678591,-0.7193398475646973,0.6946583390235901,0.6697063446044922,-0.0000009701545878,-0.6946583390235901,-0.7193398475646973,-0.7294238805770874,0.0000000000000000,0.0000000000000000,0.0000000000000000,1.0000000000000000
M 1.0000000000000000,-0.0000003316636992,-0.0000010207559171,-0.0000004044802324,0.0000003316636423,-0.8090170621871948,0.5877852439880371,0.6330840587615967,-0.0000010207559171,-0.5877852439880371,-0.8090170621871948,-0.7943013310432434,0.0000000000000000,0.0000000000000000,0.0000000000000000,1.0000000000000000
M 1.0000000000000000,-0.0000002649040596,-0.0000010624719380,-0.0000004378557321,0.0000002649040027,-0.8829475641250610,0.4694716036319733,0.5877891182899475,-0.0000010624719380,-0.4694716036319733,-0.8829475641250610,-0.8534504771232605,0.0000000000000000,0.0000000000000000,0.0000000000000000,1.0000000000000000
M 1.0000000000000000,-0.0000001929882245,-0.0000010944909263,-0.0000004673494800,0.0000001929881961,-0.9396926760673523,0.3420200347900391,0.5347028374671936,-0.0000010944909263,-0.3420200347900391,-0.9396926760673523,-0.9057202339172363,0.0000000000000000,0.0000000000000000,0.0000000000000000,1.0000000000000000
M 1.0000000000000000,-0.0000001173162403,-0.0000011161894236,-0.0000004923873007,0.0000001173161976,-0.9781476259231567,0.2079116553068161,0.4748587608337402,-0.0000011161894236,-0.2079116553068161,-0.9781476259231567,-0.9500930905342102,0.0000000000000000,0.0000000000000000,0.0000000000000000,1.0000000000000000
M 1.0000000000000000,-0.0000000393606960,-0.0000011271454241,-0.0000005124819609,0.0000000393606463,-0.9975640773773193,0.0697562769055367,0.4094214737415314,-0.0000011271454241,-0.0697562769055367,-0.9975640773773193,-0.9857054948806763,0.0000000000000000,0.0000000000000000,0.0000000000000000,1.0000000000000000
M 1.0000000000000000,0.0000000393606960,-0.0000011271454241,-0.0000005272422072,-0.0000000393607458,-0.9975640773773193,-0.0697563588619232,0.3396649658679962,-0.0000011271454241,0.0697563588619232,-0.9975640773773193,-1.0118640661239624,0.0000000000000000,0.0000000000000000,0.0000000000000000,1.0000000000000000
M 1.0000000000000000,0.0000001173162403,-0.0000011161894236,-0.0000005363808668,-0.0000001173162971,-0.9781475663185120,-0.2079117447137833,0.2669464945793152,-0.0000011161894236,0.2079117447137833,-0.9781475663185120,-1.0280599594116211,0.0000000000000000,0.0000000000000000,0.0000000000000000,1.0000000000000000
M 1.0000000000000000,0.0000001929882387,-0.0000010944909263,-0.0000005397200766,-0.0000001929882814,-0.9396926164627075,-0.3420201241970062,0.1926818341016769,-0.0000010944909263,0.3420201241970062,-0.9396926164627075,-1.0339777469635010,0.0000000000000000,0.0000000000000000,0.0000000000000000,1.0000000000000000
M 1.0000000000000000,0.0000002649040312,-0.0000010624719380,-0.0000005371947509,-0.0000002649040880,-0.8829475045204163,-0.4694716930389404,0.1183161586523056,-0.0000010624719380,0.4694716930389404,-0.8829475045204163,-1.0295022726058960,0.0000000000000000,0.0000000000000000,0.0000000000000000,1.0000000000000000
M 1.0000000000000000,0.0000003316636707,-0.0000010207558034,-0.0000005288540592,-0.0000003316637276,-0.8090169429779053,-0.5877853035926819,0.0452971905469894,-0.0000010207558034,0.5877853035926819,-0.8090169429779053,-1.0147206783294678,0.0000000000000000,0.0000000000000000,0.0000000000000000,1.0000000000000000
M 1.0000000000000000,0.0000003919679727,-0.0000009701544741,-0.0000005148604032,-0.0000003919680012,-0.7193396687507629,-0.6946585178375244,-0.0249540656805038,-0.0000009701544741,0.6946585178375244,-0.7193396687507629,-0.9899206757545471,0.0000000000000000,0.0000000000000000,0.0000000000000000,1.0000000000000000
M 1.0000000000000000,0.0000004446428647,-0.0000009116530464,-0.0000004954861765,-0.0000004446428932,-0.6156615614891052,-0.7880107164382935,-0.0910698994994164,-0.0000009116530464,0.7880107164382935,-0.6156615614891052,-0.9555850028991699,0.0000000000000000,0.0000000000000000,0.0000000000000000,1.0000000000000000
M 1.0000000000000000,0.0000004886634315,-0.0000008463898666,-0.0000004711083079,-0.0000004886634883,-0.4999999403953552,-0.8660254478454590,-0.1517639309167862,-0.0000008463898666,0.8660254478454590,-0.4999999403953552,-0.9123817682266235,0.0000000000000000,0.0000000000000000,0.0000000000000000,1.0000000000000000
M 1.0000000000000000,0.0000005231727300,-0.0000007756352716,-0.0000004422014399,-0.0000005231727869,-0.3746063709259033,-0.9271839857101440,-0.2058545947074890,-0.0000007756352716,0.9271839857101440,-0.3746063709259033,-0.8611520528793335,0.0000000000000000,0.0000000000000000,0.0000000000000000,1.0000000000000000
M 1.0000000000000000,0.0000005474989280,-0.0000007007668046,-0.0000004093282655,-0.0000005474990417,-0.2419219762086868,-0.9702957272529602,-0.2522888481616974,-0.0000007007668046,0.9702957272529602,-0.2419219762086868,-0.8028931617736816,0.0000000000000000,0.0000000000000000,0.0000000000000000,1.0000000000000000
M 1.0000000000000000,0.0000005611688607,-0.0000006232410783,-0.0000003731283869,-0.0000005611688607,-0.1045283824205399,-0.9945219159126282,-0.2901632785797119,-0.0000006232410783,0.9945219159126282,-0.1045283824205399,-0.7387385368347168,0.0000000000000000,0.0000000000000000,0.0000000000000000,1.0000000000000000
M 1.0000000000000000,0.0000005639162168,-0.0000005445673992,-0.0000003343065771,-0.0000005639162168,0.0348997414112091,-0.9993908405303955,-0.3187404870986938,-0.0000005445673992,0.9993908405303955,0.0348997414112091,-0.6699372529983521,0.0000000000000000,0.0000000000000000,0.0000000000000000,1.0000000000000000
M 1.0000000000000000,0.0000005556875067,-0.0000004662770152,-0.0000002936183705,-0.0000005556875067,0.1736485809087753,-0.9848076701164246,-0.3374643027782440,-0.0000004662769868,0.9848076701164246,0.1736485809087753,-0.5978282690048218,0.0000000000000000,0.0000000000000000,0.0000000000000000,1.0000000000000000
M 1.0000000000000000,0.0000005366430855,-0.0000003898939838,-0.0000002518559370,-0.0000005366430855,0.3090170919895172,-0.9510564804077148,-0.3459702730178833,-0.0000003898939553,0.9510564804077148,0.3090170919895172,-0.5238155126571655,0.0000000000000000,0.0000000000000000,0.0000000000000000,1.0000000000000000
