O BOGEY_REAR_2
A BOGEY_REAR_2
M 1.0000000000000000,0.0000000000000000,0.0000000000000000,0.0000000000000000,0.0000000000000000,1.0000000000000000,-0.0000000437113883,0.0000000000000000,-0.0000000000000000,0.0000000437113883,1.0000000000000000,-0.0000000000000000,0.0000000000000000,0.0000000000000000,0.0000000000000000,1.0000000000000000
M 1.0000000000000000,0.0000000000000000,0.0000000000000000,0.0000000000000000,0.0000000000000000,0.9902680516242981,-0.1391731500625610,0.0714112892746925,-0.0000000000000000,0.1391731500625610,0.9902680516242981,-0.0212289839982986,0.0000000000000000,0.0000000000000000,0.0000000000000000,1.0000000000000000
M 1.0000000000000000,0.0000000000000000,0.0000000000000000,0.0000000000000000,0.0000000000000000,0.9612616896629333,-0.2756373882293701,0.1450821161270142,-0.0000000000000000,0.2756373882293701,0.9612616896629333,-0.0323128476738930,0.0000000000000000,0.0000000000000000,0.0000000000000000,1.0000000000000000
M 1.0000000000000000,0.0000000000000000,0.0000000000000000,0.0000000000000000,0.0000000000000000,0.9135454297065735,-0.4067366719245911,0.2195785492658615,-0.0000000000000000,0.4067366719245911,0.9135454297065735,-0.0330358371138573,0.0000000000000000,0.0000000000000000,0.0000000000000000,1.0000000000000000
M 1.0000000000000000,0.0000000000000000,0.0000000000000000,0.0000000000000000,0.0000000000000000,0.8480480909347534,-0.5299193263053894,0.2934506237506866,-0.0000000000000000,0.5299193263053894,0.8480480909347534,-0.0233839079737663,0.0000000000000000,0.0000000000000000,0.0000000000000000,1.0000000000000000
M 1.0000000000000000,0.0000000000000000,0.0000000000000000,0.0000000000000000,0.0000000000000000,0.7660444378852844,-0.6427876949310303,0.3652604818344116,-0.0000000000000000,0.6427876949310303,0.7660444378852844,-0.0035448968410492,0.0000000000000000,0.0000000000000000,0.0000000000000000,1.0000000000000000
M 1.0000000000000000,0.0000000000000000,0.0000000000000000,0.0000000000000000,0.0000000000000000,0.6691305041313171,-0.7431448698043823,0.4336104393005371,-0.0000000000000000,0.7431448698043823,0.6691305041313171,0.0260950624942780,0.0000000000000000,0.0000000000000000,0.0000000000000000,1.0000000000000000
M 1.0000000000000000,0.0000000000000000,0.0000000000000000,0.0000000000000000,0.0000000000000000,0.5591927766799927,-0.8290376067161560,0.4971701502799988,-0.0000000000000000,0.8290376067161560,0.5591927766799927,0.0649590343236923,0.0000000000000000,0.0000000000000000,0.0000000000000000,1.0000000000000000
M 1.0000000000000000,0.0000000000000000,0.0000000000000000,0.0000000000000000,0.0000000000000000,0.4383711218833923,-0.8987940549850464,0.5547024607658386,-0.0000000000000000,0.8987940549850464,0.4383711218833923,0.1122905462980270,0.0000000000000000,0.0000000000000000,0.0000000000000000,1.0000000000000000
M 1.0000000000000000,0.0000000000000000,0.0000000000000000,0.0000000000000000,0.0000000000000000,0.3090169429779053,-0.9510565400123596,0.6050875782966614,-0.0000000000000000,0.9510565400123596,0.3090169429779053,0.1671684086322784,0.0000000000000000,0.0000000000000000,0.0000000000000000,1.0000000000000000
M 1.0000000000000000,0.0000000000000000,0.0000000000000000,0.0000000000000000,0.0000000000000000,0.1736480593681335,-0.9848077893257141,0.6473448872566223,-0.0000000000000000,0.9848077893257141,0.1736480593681335,0.2285244762897491,0.0000000000000000,0.0000000000000000,0.0000000000000000,1.0000000000000000
M 1.0000000000000000,0.0000000000000000,0.0000000000000000,0.0000000000000000,0.0000000000000000,0.0348993316292763,-0.9993908405303955,0.6806517839431763,-0.0000000000000000,0.9993908405303955,0.0348993316292763,0.2951645255088806,0.0000000000000000,0.0000000000000000,0.0000000000000000,1.0000000000000000
M 1.0000000000000000,0.0000000000000000,0.0000000000000000,0.0000000000000000,0.0000000000000000,-0.1045285537838936,-0.9945219159126282,0.7043600678443909,-0.0000000000000000,0.9945219159126282,-0.1045285537838936,0.3657913804054260,0.0000000000000000,0.0000000000000000,0.0000000000000000,1.0000000000000000
M 1.0000000000000000,0.0000000000000000,0.0000000000000000,0.0000000000000000,0.0000000000000000,-0.2419220209121704,-0.9702957272529602,0.7180082201957703,-0.0000000000000000,0.9702957272529602,-0.2419220209121704,0.4390305280685425,0.0000000000000000,0.0000000000000000,0.0000000000000000,1.0000000000000000
M 1.0000000000000000,0.0000000000000000,0.0000000000000000,0.0000000000000000,0.0000000000000000,-0.3746067583560944,-0.9271838068962097,0.7213306427001953,-0.0000000000000000,0.9271838068962097,-0.3746067583560944,0.5134564042091370,0.0000000000000000,0.0000000000000000,0.0000000000000000,1.0000000000000000
M 1.0000000000000000,0.0000000000000000,0.0000000000000000,0.0000000000000000,0.0000000000000000,-0.5000001192092896,-0.8660253882408142,0.7142627239227295,-0.0000000000000000,0.8660253882408142,-0.5000001192092896,0.5876202583312988,0.0000000000000000,0.0000000000000000,0.0000000000000000,1.0000000000000000
M 1.0000000000000000,0.0000000000000000,0.0000000000000000,0.0000000000000000,0.0000000000000000,-0.6156615018844604,-0.7880107760429382,0.6969419121742249,-0.0000000000000000,0.7880107760429382,-0.6156615018844604,0.6600787043571472,0.0000000000000000,0.0000000000000000,0.0000000000000000,1.0000000000000000
M 1.0000000000000000,0.0000000000000000,0.0000000000000000,0.0000000000000000,0.0000000000000000,-0.7193399667739868,-0.6946582198143005,0.6697053909301758,-0.0000000000000000,0.6946582198143005,-0.7193399667739868,0.7294214963912964,0.0000000000000000,0.0000000000000000,0.0000000000000000,1.0000000000000000
M 1.0000000000000000,0.0000000000000000,0.0000000000000000,0.0000000000000000,0.0000000000000000,-0.8090170621871948,-0.5877851247787476,0.6330832839012146,-0.0000000000000000,0.5877851247787476,-0.8090170621871948,0.7942988276481628,0.0000000000000000,0.0000000000000000,0.0000000000000000,1.0000000000000000
M 1.0000000000000000,0.0000000000000000,0.0000000000000000,0.0000000000000000,0.0000000000000000,-0.8829475641250610,-0.4694715440273285,0.5877884626388550,-0.0000000000000000,0.4694715440273285,-0.8829475641250610,0.8534478545188904,0.0000000000000000,0.0000000000000000,0.0000000000000000,1.0000000000000000
M 1.0000000000000000,0.0000000000000000,0.0000000000000000,0.0000000000000000,0.0000000000000000,-0.9396926760673523,-0.3420199751853943,0.5347023606300354,-0.0000000000000000,0.3420199751853943,-0.9396926760673523,0.9057176113128662,0.0000000000000000,0.0000000000000000,0.0000000000000000,1.0000000000000000
M 1.0000000000000000,0.0000000000000000,0.0000000000000000,0.0000000000000000,0.0000000000000000,-0.9781476259231567,-0.2079115658998489,0.4748584926128387,-0.0000000000000000,0.2079115658998489,-0.9781476259231567,0.9500904083251953,0.0000000000000000,0.0000000000000000,0.0000000000000000,1.0000000000000000
M 1.0000000000000000,0.0000000000000000,0.0000000000000000,0.0000000000000000,0.0000000000000000,-0.9975640773773193,-0.0697561874985695,0.4094213843345642,-0.0000000000000000,0.0697561874985695,-0.9975640773773193,0.9857027530670166,0.0000000000000000,0.0000000000000000,0.0000000000000000,1.0000000000000000
M 1.0000000000000000,0.0000000000000000,0.0000000000000000,0.0000000000000000,0.0000000000000000,-0.9975640773773193,0.0697564482688904,0.3396650552749634,-0.0000000000000000,-0.0697564482688904,-0.9975640773773193,1.0118613243103027,0.0000000000000000,0.0000000000000000,0.0000000000000000,1.0000000000000000
M 1.0000000000000000,0.0000000000000000,0.0000000000000000,0.0000000000000000,0.0000000000000000,-0.9781475663185120,0.2079118341207504,0.2669467926025391,-0.0000000000000000,-0.2079118341207504,-0.9781475663185120,1.0280572175979614,0.0000000000000000,0.0000000000000000,0.0000000000000000,1.0000000000000000
M 1.0000000000000000,0.0000000000000000,0.0000000000000000,0.0000000000000000,0.0000000000000000,-0.9396926164627075,0.3420201838016510,0.1926822960376740,-0.0000000000000000,-0.3420201838016510,-0.9396926164627075,1.0339751243591309,0.0000000000000000,0.0000000000000000,0.0000000000000000,1.0000000000000000
M 1.0000000000000000,0.0000000000000000,0.0000000000000000,0.0000000000000000,0.0000000000000000,-0.8829475045204163,0.4694717526435852,0.1183167994022369,-0.0000000000000000,-0.4694717526435852,-0.8829475045204163,1.0294996500015259,0.0000000000000000,0.0000000000000000,0.0000000000000000,1.0000000000000000
M 1.0000000000000000,0.0000000000000000,0.0000000000000000,0.0000000000000000,0.0000000000000000,-0.8090169429779053,0.5877854228019714,0.0452979952096939,-0.0000000000000000,-0.5877854228019714,-0.8090169429779053,1.0147181749343872,0.0000000000000000,0.0000000000000000,0.0000000000000000,1.0000000000000000
M 1.0000000000000000,0.0000000000000000,0.0000000000000000,0.0000000000000000,0.0000000000000000,-0.7193395495414734,0.6946586370468140,-0.0249531120061874,-0.0000000000000000,-0.6946586370468140,-0.7193395495414734,0.9899182915687561,0.0000000000000000,0.0000000000000000,0.0000000000000000,1.0000000000000000
M 1.0000000000000000,0.0000000000000000,0.0000000000000000,0.0000000000000000,0.0000000000000000,-0.6156614422798157,0.7880107164382935,-0.0910688266158104,-0.0000000000000000,-0.7880107164382935,-0.6156614422798157,0.9555827379226685,0.0000000000000000,0.0000000000000000,0.0000000000000000,1.0000000000000000
M 1.0000000000000000,0.0000000000000000,0.0000000000000000,0.0000000000000000,0.0000000000000000,-0.4999998807907104,0.8660254478454590,-0.1517627388238907,-0.0000000000000000,-0.8660254478454590,-0.4999998807907104,0.9123797416687012,0.0000000000000000,0.0000000000000000,0.0000000000000000,1.0000000000000000
M 1.0000000000000000,0.0000000000000000,0.0000000000000000,0.0000000000000000,0.0000000000000000,-0.3746063113212585,0.9271839857101440,-0.2058533132076263,-0.0000000000000000,-0.9271839857101440,-0.3746063113212585,0.8611501455307007,0.0000000000000000,0.0000000000000000,0.0000000000000000,1.0000000000000000
M 1.0000000000000000,0.0000000000000000,0.0000000000000000,0.0000000000000000,0.0000000000000000,-0.2419218868017197,0.9702957272529602,-0.2522875070571899,-0.0000000000000000,-0.9702957272529602,-0.2419218868017197,0.8028914332389832,0.0000000000000000,0.0000000000000000,0.0000000000000000,1.0000000000000000
M 1.0000000000000000,0.0000000000000000,0.0000000000000000,0.0000000000000000,0.0000000000000000,-0.1045282930135727,0.9945219159126282,-0.2901619076728821,-0.0000000000000000,-0.9945219159126282,-0.1045282930135727,0.7387370467185974,0.0000000000000000,0.0000000000000000,0.0000000000000000,1.0000000000000000
M 1.0000000000000000,0.0000000000000000,0.0000000000000000,0.0000000000000000,0.0000000000000000,0.0348998308181763,0.9993908405303955,-0.3187391161918640,-0.0000000000000000,-0.9993908405303955,0.0348998308181763,0.6699358820915222,0.0000000000000000,0.0000000000000000,0.0000000000000000,1.0000000000000000
M 1.0000000000000000,0.0000000000000000,0.0000000000000000,0.0000000000000000,0.0000000000000000,0.1736486703157425,0.9848076701164246,-0.3374629616737366,-0.0000000000000000,-0.9848076701164246,0.1736486703157425,0.5978271365165710,0.0000000000000000,0.0000000000000000,0.0000000000000000,1.0000000000000000
M 1.0000000000000000,0.0000000000000000,0.0000000000000000,0.0000000000000000,0.0000000000000000,0.3090171515941620,0.9510564804077148,-0.3459689617156982,-0.0000000000000000,-0.9510564804077148,0.3090171515941620,0.5238145589828491,0.0000000000000000,0.0000000000000000,0.0000000000000000,1.0000000000000000
M 1.0000000000000000,0.0000000000000000,0.0000000000000000,0.0000000000000000,0.0000000000000000,0.4383714497089386,0.8987939357757568,-0.3440915942192078,-0.0000000000000000,-0.8987939357757568,0.4383714497089386,0.4493381381034851,0.0000000000000000,0.0000000000000000,0.0000000000000000,1.0000000000000000
M 1.0000000000000000,0.0000000000000000,0.0000000000000000,0.0000000000000000,0.0000000000000000,0.5591929554939270,0.8290376067161560,-0.3318674564361572,-0.0000000000000000,-0.8290376067161560,0.5591929554939270,0.3758481144905090,0.0000000000000000,0.0000000000000000,0.0000000000000000,1.0000000000000000
M 1.0000000000000000,0.0000000000000000,0.0000000000000000,0.0000000000000000,0.0000000000000000,0.6691308021545410,0.7431447505950928,-0.3095343708992004,-0.0000000000000000,-0.7431447505950928,0.6691308021545410,0.3047742843627930,0.0000000000000000,0.0000000000000000,0.0000000000000000,1.0000000000000000
M 1.0000000000000000,0.0000000000000000,0.0000000000000000,0.0000000000000000,0.0000000000000000,0.7660446166992188,0.6427873373031616,-0.2775270640850067,-0.0000000000000000,-0.6427873373031616,0.7660446166992188,0.2375003248453140,0.0000000000000000,0.0000000000000000,0.0000000000000000,1.0000000000000000
M 1.0000000000000000,0.0000000000000000,0.0000000000000000,0.0000000000000000,0.0000000000000000,0.8480480909347534,0.5299192070960999,-0.2364686429500580,-0.0000000000000000,-0.5299192070960999,0.8480480909347534,0.1753358244895935,0.0000000000000000,0.0000000000000000,0.0000000000000000,1.0000000000000000
M 1.0000000000000000,0.0000000000000000,0.0000000000000000,0.0000000000000000,0.0000000000000000,0.9135455489158630,0.4067364633083344,-0.1871580332517624,-0.0000000000000000,-0.4067364633083344,0.9135455489158630,0.1194903180003166,0.0000000000000000,0.0000000000000000,0.0000000000000000,1.0000000000000000
M 1.0000000000000000,0.0000000000000000,0.0000000000000000,0.0000000000000000,0.0000000000000000,0.9612616300582886,0.2756374776363373,-0.1305553019046783,-0.0000000000000000,-0.2756374776363373,0.9612616300582886,0.0710512176156044,0.0000000000000000,0.0000000000000000,0.0000000000000000,1.0000000000000000
M 1.0000000000000000,0.0000000000000000,0.0000000000000000,0.0000000000000000,0.0000000000000000,0.9902681112289429,0.1391725689172745,-0.0677615702152252,-0.0000000000000000,-0.1391725689172745,0.9902681112289429,0.0309608094394207,0.0000000000000000,0.0000000000000000,0.0000000000000000,1.0000000000000000
M 1.0000000000000000,0.0000000000000000,0.0000000000000000,0.0000000000000000,0.0000000000000000,1.0000000000000000,-0.0000002185569485,0.0000000874227766,-0.0000000000000000,0.0000002185569485,1.0000000000000000,-0.0000000327835394,0.0000000000000000,0.0000000000000000,0.0000000000000000,1.0000000000000000
M 1.0000000000000000,0.0000000000000000,0.0000000000000000,0.0000000000000000,0.0000000000000000,0.9902681112289429,-0.1391730010509491,0.0714112147688866,-0.0000000000000000,0.1391730010509491,0.9902681112289429,-0.0212289839982986,0.0000000000000000,0.0000000000000000,0.0000000000000000,1.0000000000000000
M 1.0000000000000000,0.0000000000000000,0.0000000000000000,0.0000000000000000,0.0000000000000000,0.9612615704536438,-0.2756378650665283,0.1450823694467545,-0.0000000000000000,0.2756378650665283,0.9612615704536438,-0.0323128774762154,0.0000000000000000,0.0000000000000000,0.0000000000000000,1.0000000000000000
M 1.0000000000000000,0.0000000000000000,0.0000000000000000,0.0000000000000000,0.0000000000000000,0.9135453701019287,-0.4067368507385254,0.2195786535739899,-0.0000000000000000,0.4067368507385254,0.9135453701019287,-0.0330358371138573,0.0000000000000000,0.0000000000000000,0.0000000000000000,1.0000000000000000
M 1.0000000000000000,0.0000000000000000,0.0000000000000000,0.0000000000000000,0.0000000000000000,0.8480479121208191,-0.5299196243286133,0.2934508025646210,-0.0000000000000000,0.5299196243286133,0.8480479121208191,-0.0233838707208633,0.0000000000000000,0.0000000000000000,0.0000000000000000,1.0000000000000000
M 1.0000000000000000,0.0000000000000000,0.0000000000000000,0.0000000000000000,0.0000000000000000,0.7660444378852844,-0.6427876949310303,0.3652604818344116,-0.0000000000000000,0.6427876949310303,0.7660444378852844,-0.0035448968410492,0.0000000000000000,0.0000000000000000,0.0000000000000000,1.0000000000000000
M 1.0000000000000000,0.0000000000000000,0.0000000000000000,0.0000000000000000,0.0000000000000000,0.6691300272941589,-0.7431452870368958,0.4336107373237610,-0.0000000000000000,0.7431452870368958,0.6691300272941589,0.0260952115058899,0.0000000000000000,0.0000000000000000,0.0000000000000000,1.0000000000000000
M 1.0000000000000000,0.0000000000000000,0.0000000000000000,0.0000000000000000,0.0000000000000000,0.5591925382614136,-0.8290377855300903,0.4971702694892883,-0.0000000000000000,0.8290377855300903,0.5591925382614136,0.0649591088294983,0.0000000000000000,0.0000000000000000,0.0000000000000000,1.0000000000000000
M 1.0000000000000000,0.0000000000000000,0.0000000000000000,0.0000000000000000,0.0000000000000000,0.4383710622787476,-0.8987940549850464,0.5547024607658386,-0.0000000000000000,0.8987940549850464,0.4383710622787476,0.1122905761003494,0.0000000000000000,0.0000000000000000,0.0000000000000000,1.0000000000000000
M 1.0000000000000000,0.0000000000000000,0.0000000000000000,0.0000000000000000,0.0000000000000000,0.3090167641639709,-0.9510565996170044,0.6050876379013062,-0.0000000000000000,0.9510565996170044,0.3090167641639709,0.1671684831380844,0.0000000000000000,0.0000000000000000,0.0000000000000000,1.0000000000000000
M 1.0000000000000000,0.0000000000000000,0.0000000000000000,0.0000000000000000,0.0000000000000000,0.1736482381820679,-0.9848077297210693,0.6473448276519775,-0.0000000000000000,0.9848077297210693,0.1736482381820679,0.2285244166851044,0.0000000000000000,0.0000000000000000,0.0000000000000000,1.0000000000000000
M 1.0000000000000000,0.0000000000000000,0.0000000000000000,0.0000000000000000,0.0000000000000000,0.0348989181220531,-0.9993908405303955,0.6806518435478210,-0.0000000000000000,0.9993908405303955,0.0348989181220531,0.2951647341251373,0.0000000000000000,0.0000000000000000,0.0000000000000000,1.0000000000000000
M 1.0000000000000000,0.0000000000000000,0.0000000000000000,0.0000000000000000,0.0000000000000000,-0.1045287251472473,-0.9945218563079834,0.7043600678443909,-0.0000000000000000,0.9945218563079834,-0.1045287251472473,0.3657914996147156,0.0000000000000000,0.0000000000000000,0.0000000000000000,1.0000000000000000
M 1.0000000000000000,0.0000000000000000,0.0000000000000000,0.0000000000000000,0.0000000000000000,-0.2419218569993973,-0.9702957272529602,0.7180082201957703,-0.0000000000000000,0.9702957272529602,-0.2419218569993973,0.4390304684638977,0.0000000000000000,0.0000000000000000,0.0000000000000000,1.0000000000000000
M 1.0000000000000000,0.0000000000000000,0.0000000000000000,0.0000000000000000,0.0000000000000000,-0.3746066987514496,-0.9271838068962097,0.7213306427001953,-0.0000000000000000,0.9271838068962097,-0.3746066987514496,0.5134563446044922,0.0000000000000000,0.0000000000000000,0.0000000000000000,1.0000000000000000
M 1.0000000000000000,0.0000000000000000,0.0000000000000000,0.0000000000000000,0.0000000000000000,-0.5000002384185791,-0.8660252690315247,0.7142626643180847,-0.0000000000000000,0.8660252690315247,-0.5000002384185791,0.5876203775405884,0.0000000000000000,0.0000000000000000,0.0000000000000000,1.0000000000000000
M 1.0000000000000000,0.0000000000000000,0.0000000000000000,0.0000000000000000,0.0000000000000000,-0.6156618595123291,-0.7880105376243591,0.6969418525695801,-0.0000000000000000,0.7880105376243591,-0.6156618595123291,0.6600789427757263,0.0000000000000000,0.0000000000000000,0.0000000000000000,1.0000000000000000
M 1.0000000000000000,0.0000000000000000,0.0000000000000000,0.0000000000000000,0.0000000000000000,-0.7193402647972107,-0.6946579217910767,0.6697052717208862,-0.0000000000000000,0.6946579217910767,-0.7193402647972107,0.7294217348098755,0.0000000000000000,0.0000000000000000,0.0000000000000000,1.0000000000000000
M 1.0000000000000000,0.0000000000000000,0.0000000000000000,0.0000000000000000,0.0000000000000000,-0.8090174198150635,-0.5877845883369446,0.6330831050872803,-0.0000000000000000,0.5877845883369446,-0.8090174198150635,0.7942990660667419,0.0000000000000000,0.0000000000000000,0.0000000000000000,1.0000000000000000
M 1.0000000000000000,0.0000000000000000,0.0000000000000000,0.0000000000000000,0.0000000000000000,-0.8829475641250610,-0.4694716036319733,0.5877884626388550,-0.0000000000000000,0.4694716036319733,-0.8829475641250610,0.8534478545188904,0.0000000000000000,0.0000000000000000,0.0000000000000000,1.0000000000000000
M 1.0000000000000000,0.0000000000000000,0.0000000000000000,0.0000000000000000,0.0000000000000000,-0.9396926760673523,-0.3420200347900391,0.5347024202346802,-0.0000000000000000,0.3420200347900391,-0.9396926760673523,0.9057175517082214,0.0000000000000000,0.0000000000000000,0.0000000000000000,1.0000000000000000
M 1.0000000000000000,0.0000000000000000,0.0000000000000000,0.0000000000000000,0.0000000000000000,-0.9781476259231567,-0.2079114019870758,0.4748584032058716,-0.0000000000000000,0.2079114019870758,-0.9781476259231567,0.9500904083251953,0.0000000000000000,0.0000000000000000,0.0000000000000000,1.0000000000000000
M 1.0000000000000000,0.0000000000000000,0.0000000000000000,0.0000000000000000,0.0000000000000000,-0.9975640773773193,-0.0697560086846352,0.4094212949275970,-0.0000000000000000,0.0697560086846352,-0.9975640773773193,0.9857027530670166,0.0000000000000000,0.0000000000000000,0.0000000000000000,1.0000000000000000
M 1.0000000000000000,0.0000000000000000,0.0000000000000000,0.0000000000000000,0.0000000000000000,-0.9975640177726746,0.0697570964694023,0.3396647274494171,-0.0000000000000000,-0.0697570964694023,-0.9975640177726746,1.0118614435195923,0.0000000000000000,0.0000000000000000,0.0000000000000000,1.0000000000000000
M 1.0000000000000000,0.0000000000000000,0.0000000000000000,0.0000000000000000,0.0000000000000000,-0.9781476259231567,0.2079115360975266,0.2669469416141510,-0.0000000000000000,-0.2079115360975266,-0.9781476259231567,1.0280572175979614,0.0000000000000000,0.0000000000000000,0.0000000000000000,1.0000000000000000
M 1.0000000000000000,0.0000000000000000,0.0000000000000000,0.0000000000000000,0.0000000000000000,-0.9396923184394836,0.3420210182666779,0.1926818192005157,-0.0000000000000000,-0.3420210182666779,-0.9396923184394836,1.0339751243591309,0.0000000000000000,0.0000000000000000,0.0000000000000000,1.0000000000000000
M 1.0000000000000000,0.0000000000000000,0.0000000000000000,0.0000000000000000,0.0000000000000000,-0.8829475641250610,0.4694716930389404,0.1183168441057205,-0.0000000000000000,-0.4694716930389404,-0.8829475641250610,1.0294997692108154,0.0000000000000000,0.0000000000000000,0.0000000000000000,1.0000000000000000
M 1.0000000000000000,0.0000000000000000,0.0000000000000000,0.0000000000000000,0.0000000000000000,-0.8090168237686157,0.5877855420112610,0.0452979207038879,-0.0000000000000000,-0.5877855420112610,-0.8090168237686157,1.0147181749343872,0.0000000000000000,0.0000000000000000,0.0000000000000000,1.0000000000000000
M 1.0000000000000000,0.0000000000000000,0.0000000000000000,0.0000000000000000,0.0000000000000000,-0.7193394303321838,0.6946587562561035,-0.0249531865119934,-0.0000000000000000,-0.6946587562561035,-0.7193394303321838,0.9899182319641113,0.0000000000000000,0.0000000000000000,0.0000000000000000,1.0000000000000000
M 1.0000000000000000,0.0000000000000000,0.0000000000000000,0.0000000000000000,0.0000000000000000,-0.6156609654426575,0.7880111336708069,-0.0910691246390343,-0.0000000000000000,-0.7880111336708069,-0.6156609654426575,0.9555826187133789,0.0000000000000000,0.0000000000000000,0.0000000000000000,1.0000000000000000
M 1.0000000000000000,0.0000000000000000,0.0000000000000000,0.0000000000000000,0.0000000000000000,-0.4999993145465851,0.8660258054733276,-0.1517630219459534,-0.0000000000000000,-0.8660258054733276,-0.4999993145465851,0.9123795032501221,0.0000000000000000,0.0000000000000000,0.0000000000000000,1.0000000000000000
M 1.0000000000000000,0.0000000000000000,0.0000000000000000,0.0000000000000000,0.0000000000000000,-0.3746065795421600,0.9271838665008545,-0.2058531939983368,-0.0000000000000000,-0.9271838665008545,-0.3746065795421600,0.8611502647399902,0.0000000000000000,0.0000000000000000,0.0000000000000000,1.0000000000000000
M 1.0000000000000000,0.0000000000000000,0.0000000000000000,0.0000000000000000,0.0000000000000000,-0.2419217079877853,0.9702957868576050,-0.2522875666618347,-0.0000000000000000,-0.9702957868576050,-0.2419217079877853,0.8028913140296936,0.0000000000000000,0.0000000000000000,0.0000000000000000,1.0000000000000000
M 1.0000000000000000,0.0000000000000000,0.0000000000000000,0.0000000000000000,0.0000000000000000,-0.1045281141996384,0.9945219159126282,-0.2901619374752045,-0.0000000000000000,-0.9945219159126282,-0.1045281141996384,0.7387369275093079,0.0000000000000000,0.0000000000000000,0.0000000000000000,1.0000000000000000
M 1.0000000000000000,0.0000000000000000,0.0000000000000000,0.0000000000000000,0.0000000000000000,0.0349000059068203,0.9993908405303955,-0.3187391757965088,-0.0000000000000000,-0.9993908405303955,0.0349000059068203,0.6699358224868774,0.0000000000000000,0.0000000000000000,0.0000000000000000,1.0000000000000000
M 1.0000000000000000,0.0000000000000000,0.0000000000000000,0.0000000000000000,0.0000000000000000,0.1736488342285156,0.9848076701164246,-0.3374629914760590,-0.0000000000000000,-0.9848076701164246,0.1736488342285156,0.5978270173072815,0.0000000000000000,0.0000000000000000,0.0000000000000000,1.0000000000000000
M 1.0000000000000000,0.0000000000000000,0.0000000000000000,0.0000000000000000,0.0000000000000000,0.3090168833732605,0.9510565400123596,-0.3459689319133759,-0.0000000000000000,-0.9510565400123596,0.3090168833732605,0.5238146781921387,0.0000000000000000,0.0000000000000000,0.0000000000000000,1.0000000000000000
M 1.0000000000000000,0.0000000000000000,0.0000000000000000,0.0000000000000000,0.0000000000000000,0.4383711814880371,0.8987940549850464,-0.3440916240215302,-0.0000000000000000,-0.8987940549850464,0.4383711814880371,0.4493383169174194,0.0000000000000000,0.0000000000000000,0.0000000000000000,1.0000000000000000
M 1.0000000000000000,0.0000000000000000,0.0000000000000000,0.0000000000000000,0.0000000000000000,0.5591930747032166,0.8290374875068665,-0.3318674266338348,-0.0000000000000000,-0.8290374875068665,0.5591930747032166,0.3758480250835419,0.0000000000000000,0.0000000000000000,0.0000000000000000,1.0000000000000000
M 1.0000000000000000,0.0000000000000000,0.0000000000000000,0.0000000000000000,0.0000000000000000,0.6691309213638306,0.7431446313858032,-0.3095343708992004,-0.0000000000000000,-0.7431446313858032,0.6691309213638306,0.3047741949558258,0.0000000000000000,0.0000000000000000,0.0000000000000000,1.0000000000000000
M 1.0000000000000000,0.0000000000000000,0.0000000000000000,0.0000000000000000,0.0000000000000000,0.7660441398620605,0.6427879333496094,-0.2775272727012634,-0.0000000000000000,-0.6427879333496094,0.7660441398620605,0.2375006824731827,0.0000000000000000,0.0000000000000000,0.0000000000000000,1.0000000000000000
M 1.0000000000000000,0.0000000000000000,0.0000000000000000,0.0000000000000000,0.0000000000000000,0.8480479121208191,0.5299194455146790,-0.2364687323570251,-0.0000000000000000,-0.5299194455146790,0.8480479121208191,0.1753359436988831,0.0000000000000000,0.0000000000000000,0.0000000000000000,1.0000000000000000
M 1.0000000000000000,0.0000000000000000,0.0000000000000000,0.0000000000000000,0.0000000000000000,0.9135457873344421,0.4067358672618866,-0.1871577799320221,-0.0000000000000000,-0.4067358672618866,0.9135457873344421,0.1194900870323181,0.0000000000000000,0.0000000000000000,0.0000000000000000,1.0000000000000000
M 1.0000000000000000,0.0000000000000000,0.0000000000000000,0.0000000000000000,0.0000000000000000,0.9612619876861572,0.2756363749504089,-0.1305548250675201,-0.0000000000000000,-0.2756363749504089,0.9612619876861572,0.0710508301854134,0.0000000000000000,0.0000000000000000,0.0000000000000000,1.0000000000000000
M 1.0000000000000000,0.0000000000000000,0.0000000000000000,0.0000000000000000,0.0000000000000000,0.9902681112289429,0.1391728669404984,-0.0677617192268372,-0.0000000000000000,-0.1391728669404984,0.9902681112289429,0.0309608653187752,0.0000000000000000,0.0000000000000000,0.0000000000000000,1.0000000000000000
M 1.0000000000000000,0.0000000000000000,0.0000000000000000,0.0000000000000000,0.0000000000000000,1.0000000000000000,-0.0000003934025017,0.0000001748455531,-0.0000000000000000,0.0000003934025017,1.0000000000000000,-0.0000000655670789,0.0000000000000000,0.0000000000000000,0.0000000000000000,1.0000000000000000
O BOGEY_REAR_3
A BOGEY_REAR_3
M 1.0000000000000000,-0.0000000161752851,0.0000000037252912,-0.0000000596046448,0.0000000000000000,1.0000000000000000,-0.0000000437113883,0.0000000298023224,-0.0000000260770321,0.0000000434867253,1.0000000000000000,0.0000000074505806,0.0000000000000000,0.0000000000000000,0.0000000000000000,1.0000000000000000
M 0.9986024498939514,-0.0484407618641853,-0.0211336780339479,0.0228812471032143,0.0453129634261131,0.9905615448951721,-0.1293623596429825,-0.0383353494107723,0.0272006019949913,0.1282239407300949,0.9913722276687622,-0.0826295092701912,0.0000000000000000,0.0000000000000000,0.0000000000000000,1.0000000000000000
M 0.9944370388984680,-0.0990664362907410,-0.0357890911400318,0.0493338331580162,0.0866161808371544,0.9624298214912415,-0.2573451697826385,-0.0645828992128372,0.0599387437105179,0.2528136372566223,0.9656565785408020,-0.1688392460346222,0.0000000000000000,0.0000000000000000,0.0000000000000000,1.0000000000000000
M 0.9875847697257996,-0.1508916914463043,-0.0436809659004211,0.0788428485393524,0.1231057345867157,0.9161524176597595,-0.3814575076103210,-0.0782318264245987,0.0975771546363831,0.3713442683219910,0.9233537912368774,-0.2569511830806732,0.0000000000000000,0.0000000000000000,0.0000000000000000,1.0000000000000000
M 0.9781790971755981,-0.2029077857732773,-0.0446557030081749,0.1108338981866837,0.1540713906288147,0.8526300787925720,-0.4992836117744446,-0.0790163576602936,0.1393833160400391,0.4815086424350739,0.8652871251106262,-0.3452503681182861,0.0000000000000000,0.0000000000000000,0.0000000000000000,1.0000000000000000
M 0.9664030075073242,-0.2541023194789886,-0.0386943481862545,0.1446843445301056,0.1789104193449020,0.7730990648269653,-0.6085302233695984,-0.0669212788343430,0.1845434755086899,0.5811626315116882,0.7925868034362793,-0.4320181608200073,0.0000000000000000,0.0000000000000000,0.0000000000000000,1.0000000000000000
M 0.9524857997894287,-0.3034788072109222,-0.0259129125624895,0.1797353029251099,0.1971393823623657,0.6791074872016907,-0.7070707678794861,-0.0421820431947708,0.2321785986423492,0.6683664321899414,0.7066679596900940,-0.5155656337738037,0.0000000000000000,0.0000000000000000,0.0000000000000000,1.0000000000000000
M 0.9366982579231262,-0.3500761985778809,-0.0065601621754467,0.2153045684099197,0.2084034681320190,0.5724847912788391,-0.7929875254631042,-0.0052801370620728,0.2813616096973419,0.7414228320121765,0.6092025637626648,-0.5942668318748474,0.0000000000000000,0.0000000000000000,0.0000000000000000,1.0000000000000000
M 0.9193477630615234,-0.3929875195026398,0.0189872086048126,0.2506997883319855,0.2124834656715393,0.4553063213825226,-0.8646080493927002,0.0430661439895630,0.3311351537704468,0.7989098429679871,0.5020881891250610,-0.6665897369384766,0.0000000000000000,0.0000000000000000,0.0000000000000000,1.0000000000000000
M 0.9007719755172729,-0.4313776195049286,0.0502319522202015,0.2852320969104767,0.2092998921871185,0.3298526406288147,-0.9205383062362671,0.1019158512353897,0.3805304467678070,0.8397086858749390,0.3874092996120453,-0.7311267256736755,0.0000000000000000,0.0000000000000000,0.0000000000000000,1.0000000000000000
M 0.8813324570655823,-0.4644992053508759,0.0865659415721893,0.3182293176651001,0.1989147514104843,0.1985656321048737,-0.9596898555755615,0.1701235771179199,0.4285861253738403,0.8630250096321106,0.2673980593681335,-0.7866216301918030,0.0000000000000000,0.0000000000000000,0.0000000000000000,1.0000000000000000
M 0.8614075183868408,-0.4917076230049133,0.1272819340229034,0.3490492105484009,0.1815301775932312,0.0640006884932518,-0.9813005328178406,0.2463616430759430,0.4743667840957642,0.8684052228927612,0.1443904340267181,-0.8319944143295288,0.0000000000000000,0.0000000000000000,0.0000000000000000,1.0000000000000000
M 0.8413851261138916,-0.5124732851982117,0.1715874671936035,0.3770918548107147,0.1574845910072327,-0.0712229385972023,-0.9849497675895691,0.3291461467742920,0.5169813632965088,0.8557444214820862,0.0207807049155235,-0.8663617372512817,0.0000000000000000,0.0000000000000000,0.0000000000000000,1.0000000000000000
M 0.8216548562049866,-0.5263920426368713,0.2186202108860016,0.4018115103244781,0.1272459030151367,-0.2044734954833984,-0.9705663919448853,0.4168658852577209,0.5556004047393799,0.8252891302108765,-0.1010254397988319,-0.8890549540519714,0.0000000000000000,0.0000000000000000,0.0000000000000000,1.0000000000000000
M 0.8026007413864136,-0.5331929326057434,0.2674646675586700,0.4227269887924194,0.0914027541875839,-0.3331572711467743,-0.9384305477142334,0.5078134536743164,0.5894722938537598,0.7776320576667786,-0.2186570167541504,-0.8996321558952332,0.0000000000000000,0.0000000000000000,0.0000000000000000,1.0000000000000000
M 0.7845937609672546,-0.5327436327934265,0.3171701431274414,0.4394312202930450,0.0506527945399284,-0.4547695517539978,-0.8891676068305969,0.6002185940742493,0.6179376840591431,0.7137009501457214,-0.3298244476318359,-0.8978875279426575,0.0000000000000000,0.0000000000000000,0.0000000000000000,1.0000000000000000
M 0.7679842710494995,-0.5250528454780579,0.3667692244052887,0.4515990316867828,0.0057891830801964,-0.5669433474540710,-0.8237365484237671,0.6922827363014221,0.6404425501823425,0.6347399950027466,-0.4323640465736389,-0.8838550448417664,0.0000000000000000,0.0000000000000000,0.0000000000000000,1.0000000000000000
M 0.7530956268310547,-0.5102702379226685,0.4152965545654297,0.4589936435222626,-0.0423150211572647,-0.6674955487251282,-0.7434105873107910,0.7822142243385315,0.6565488576889038,0.5422859787940979,-0.5242800712585449,-0.8578078150749207,0.0000000000000000,0.0000000000000000,0.0000000000000000,1.0000000000000000
M 0.7402176260948181,-0.4886836707592010,0.4618074595928192,0.4614710807800293,-0.0927232950925827,-0.7544685006141663,-0.6497535109519958,0.8682622909545898,0.6659431457519531,0.4381387829780579,-0.6037833094596863,-0.8202528953552246,0.0000000000000000,0.0000000000000000,0.0000000000000000,1.0000000000000000
M 0.7296009063720703,-0.4607132375240326,0.5053967237472534,0.4589832127094269,-0.1444545686244965,-0.8261698484420776,-0.5445882678031921,0.9487522840499878,0.6684425473213196,0.3243252336978912,-0.6693263649940491,-0.7719210982322693,0.0000000000000000,0.0000000000000000,0.0000000000000000,1.0000000000000000
M 0.7214520573616028,-0.4269032180309296,0.5452160239219666,0.4515783190727234,-0.1965021044015884,-0.8812038302421570,-0.4299614131450653,1.0221176147460938,0.6639984250068665,0.2030604779720306,-0.7196336984634399,-0.7137532234191895,0.0000000000000000,0.0000000000000000,0.0000000000000000,1.0000000000000000
M 0.7159297466278076,-0.3879118561744690,0.5804902315139771,0.4394006431102753,-0.2478526234626770,-0.9184991717338562,-0.3081045150756836,1.0869300365447998,0.6526972055435181,0.0767051652073860,-0.7537258863449097,-0.6468814611434937,0.0000000000000000,0.0000000000000000,0.0000000000000000,1.0000000000000000
M 0.7131415009498596,-0.3444979786872864,0.6105328202247620,0.4226871430873871,-0.2975068688392639,-0.9373301863670349,-0.1813888400793076,1.1419284343719482,0.6347589492797852,-0.0522817783057690,-0.7709395885467529,-0.5726073384284973,0.0000000000000000,0.0000000000000000,0.0000000000000000,1.0000000000000000
M 0.7131415009498596,-0.2975067496299744,0.6347589492797852,0.4017632305622101,-0.3444980680942535,-0.9373301863670349,-0.0522815361618996,1.1860420703887939,0.6105328202247620,-0.1813890933990479,-0.7709395885467529,-0.4923768341541290,0.0000000000000000,0.0000000000000000,0.0000000000000000,1.0000000000000000
M 0.7159298062324524,-0.2478525489568710,0.6526972055435181,0.3770360052585602,-0.3879119753837585,-0.9184991121292114,0.0767053887248039,1.2184122800827026,0.5804901719093323,-0.3081047236919403,-0.7537258863449097,-0.4077509641647339,0.0000000000000000,0.0000000000000000,0.0000000000000000,1.0000000000000000
M 0.7214520573616028,-0.1965020298957825,0.6639983654022217,0.3489869236946106,-0.4269033074378967,-0.8812037706375122,0.2030606865882874,1.2384092807769775,0.5452160239219666,-0.4299616813659668,-0.7196336388587952,-0.3203773200511932,0.0000000000000000,0.0000000000000000,0.0000000000000000,1.0000000000000000
M 0.7296009063720703,-0.1444545090198517,0.6684424877166748,0.3181617558002472,-0.4607132971286774,-0.8261697292327881,0.3243254721164703,1.2456436157226562,0.5053967237472534,-0.5445884466171265,-0.6693263649940491,-0.2319563031196594,0.0000000000000000,0.0000000000000000,0.0000000000000000,1.0000000000000000
M 0.7402176260948181,-0.0927232205867767,0.6659431457519531,0.2851606309413910,-0.4886837601661682,-0.7544684410095215,0.4381389617919922,1.2399744987487793,0.4618073999881744,-0.6497537493705750,-0.6037831902503967,-0.1442091017961502,0.0000000000000000,0.0000000000000000,0.0000000000000000,1.0000000000000000
M 0.7530956864356995,-0.0423148721456528,0.6565487980842590,0.2506257891654968,-0.5102703571319580,-0.6674951910972595,0.5422863364219666,1.2215123176574707,0.4152963757514954,-0.7434108853340149,-0.5242797732353210,-0.0588433891534805,0.0000000000000000,0.0000000000000000,0.0000000000000000,1.0000000000000000
M 0.7679842710494995,0.0057891453616321,0.6404424905776978,0.2152295112609863,-0.5250528454780579,-0.5669433474540710,0.6347399353981018,1.1906166076660156,0.3667692244052887,-0.8237364888191223,-0.4323640167713165,0.0224788337945938,0.0000000000000000,0.0000000000000000,0.0000000000000000,1.0000000000000000
M 0.7845937609672546,0.0506528429687023,0.6179376244544983,0.1796605736017227,-0.5327436327934265,-0.4547693431377411,0.7137010097503662,1.1478884220123291,0.3171700537204742,-0.8891677260398865,-0.3298242390155792,0.0981753319501877,0.0000000000000000,0.0000000000000000,0.0000000000000000,1.0000000000000000
M 0.8026008009910583,0.0914028510451317,0.5894721746444702,0.1446114033460617,-0.5331929326057434,-0.3331568837165833,0.7776322364807129,1.0941593647003174,0.2674644887447357,-0.9384306669235229,-0.2186565995216370,0.1667724549770355,0.0000000000000000,0.0000000000000000,0.0000000000000000,1.0000000000000000
M 0.8216548562049866,0.1272459030151367,0.5556004047393799,0.1107642725110054,-0.5263920426368713,-0.2044733613729477,0.8252891302108765,1.0304757356643677,0.2186201512813568,-0.9705664515495300,-0.1010252982378006,0.2269348204135895,0.0000000000000000,0.0000000000000000,0.0000000000000000,1.0000000000000000
M 0.8413851261138916,0.1574846208095551,0.5169813036918640,0.0787777751684189,-0.5124732851982117,-0.0712226778268814,0.8557444810867310,0.9580763578414917,0.1715873777866364,-0.9849497675895691,0.0207809302955866,0.2774918675422668,0.0000000000000000,0.0000000000000000,0.0000000000000000,1.0000000000000000
M 0.8614075779914856,0.1815302222967148,0.4743666648864746,0.0492746047675610,-0.4917075634002686,0.0640011727809906,0.8684052228927612,0.8783708214759827,0.1272817999124527,-0.9813005328178406,0.1443908810615540,0.3174592852592468,0.0000000000000000,0.0000000000000000,0.0000000000000000,1.0000000000000000
M 0.8813325166702271,0.1989147812128067,0.4285859465599060,0.0228289961814880,-0.4644991159439087,0.1985662281513214,0.8630250096321106,0.7929104566574097,0.0865657553076744,-0.9596897959709167,0.2673985958099365,0.3460592329502106,0.0000000000000000,0.0000000000000000,0.0000000000000000,1.0000000000000000
M 0.9007719755172729,0.2092998772859573,0.3805303871631622,-0.0000442191958427,-0.4313775599002838,0.3298528492450714,0.8397086858749390,0.7033588290214539,0.0502318739891052,-0.9205383062362671,0.3874094784259796,0.3627349734306335,0.0000000000000000,0.0000000000000000,0.0000000000000000,1.0000000000000000
