O wheel_6
A wheel_6
M 0.9998477101325989,-0.0174524057656527,0.0000000008850822,0.0027296855114400,0.0174524057656527,0.9998477101325989,-0.0000000577134003,0.0622027479112148,0.0000000001222702,0.0000000577200581,1.0000000000000000,-0.0000000021910633,0.0000000000000000,0.0000000000000000,0.0000000000000000,1.0000000000000000
M 0.9993908405303955,-0.0348994955420494,0.0000000020144726,0.0043735695071518,0.0348994955420494,0.9993908405303955,-0.0000000716978406,0.1244436725974083,0.0000000004889671,0.0000000717244646,1.0000000000000000,-0.0000000035106273,0.0000000000000000,0.0000000000000000,0.0000000000000000,1.0000000000000000
M 0.9986295104026794,-0.0523359589278698,0.0000000033877681,0.0049306564033031,0.0523359589278698,0.9986295104026794,-0.0000000856604316,0.1867038309574127,0.0000000011000338,0.0000000857203375,1.0000000000000000,-0.0000000039577506,0.0000000000000000,0.0000000000000000,0.0000000000000000,1.0000000000000000
M 0.9975640773773193,-0.0697564706206322,0.0000000050043951,0.0044013783335686,0.0697564706206322,0.9975640773773193,-0.0000000995969316,0.2489641606807709,0.0000000019552999,0.0000000997034135,1.0000000000000000,-0.0000000035327696,0.0000000000000000,0.0000000000000000,0.0000000000000000,1.0000000000000000
M 0.9961947202682495,-0.0871557444334030,0.0000000068641230,0.0027854591608047,0.0871557444334030,0.9961947202682495,-0.0000001135030914,0.3112058341503143,0.0000000030544243,0.0000001136694365,1.0000000000000000,-0.0000000022357973,0.0000000000000000,0.0000000000000000,0.0000000000000000,1.0000000000000000
M 0.9945219159126282,-0.1045284643769264,0.0000000089662073,0.0000833347439766,0.1045284643769264,0.9945219159126282,-0.0000001273746904,0.3734097778797150,0.0000000043971795,0.0000001276141433,1.0000000000000000,-0.0000000000669420,0.0000000000000000,0.0000000000000000,0.0000000000000000,1.0000000000000000
M 0.9925461411476135,-0.1218693479895592,0.0000000113101324,-0.0037038438022137,0.1218693479895592,0.9925461411476135,-0.0000001412074795,0.4355571269989014,0.0000000059830541,0.0000001415332918,1.0000000000000000,0.0000000029729961,0.0000000000000000,0.0000000000000000,0.0000000000000000,1.0000000000000000
M 0.9902680516242981,-0.1391731053590775,0.0000000138951002,-0.0085751563310623,0.1391731053590775,0.9902680516242981,-0.0000001549972524,0.4976289272308350,0.0000000078116500,0.0000001554226401,1.0000000000000000,0.0000000068829991,0.0000000000000000,0.0000000000000000,0.0000000000000000,1.0000000000000000
M 0.9876883625984192,-0.1564344763755798,0.0000000167202536,-0.0145287327468395,0.1564344763755798,0.9876883625984192,-0.0000001687398310,0.5596062541007996,0.0000000098823421,0.0000001692779676,1.0000000000000000,0.0000000116620384,0.0000000000000000,0.0000000000000000,0.0000000000000000,1.0000000000000000
M 0.9848077297210693,-0.1736481934785843,0.0000000197849097,-0.0215634107589722,0.1736481934785843,0.9848077297210693,-0.0000001824309805,0.6214702725410461,0.0000000121945050,0.0000001830950680,1.0000000000000000,0.0000000173084000,0.0000000000000000,0.0000000000000000,0.0000000000000000,1.0000000000000000
M 0.9816271662712097,-0.1908090114593506,0.0000000230879831,-0.0296766012907028,0.1908090114593506,0.9816271662712097,-0.0000001960665799,0.6832020282745361,0.0000000147474566,0.0000001968696779,1.0000000000000000,0.0000000238206042,0.0000000000000000,0.0000000000000000,0.0000000000000000,1.0000000000000000
M 0.9781476259231567,-0.2079117000102997,0.0000000266285660,-0.0388657078146935,0.2079117000102997,0.9781476259231567,-0.0000002096424510,0.7447826862335205,0.0000000175404580,0.0000002105976478,1.0000000000000000,0.0000000311967128,0.0000000000000000,0.0000000000000000,0.0000000000000000,1.0000000000000000
M 0.9743700623512268,-0.2249510586261749,0.0000000304055234,-0.0491283610463142,0.2249510586261749,0.9743700623512268,-0.0000002231544585,0.8061937689781189,0.0000000205725996,0.0000002242747712,1.0000000000000000,0.0000000394340915,0.0000000000000000,0.0000000000000000,0.0000000000000000,1.0000000000000000
M 0.9702957272529602,-0.2419219166040421,0.0000000344177167,-0.0604610107839108,0.2419219166040421,0.9702957272529602,-0.0000002365985097,0.8674163818359375,0.0000000238429720,0.0000002378968986,1.0000000000000000,0.0000000485307972,0.0000000000000000,0.0000000000000000,0.0000000000000000,1.0000000000000000
M 0.9659258127212524,-0.2588190436363220,0.0000000386639485,-0.0728608146309853,0.2588190436363220,0.9659258127212524,-0.0000002499704408,0.9284317493438721,0.0000000273506089,0.0000002514598805,1.0000000000000000,0.0000000584837387,0.0000000000000000,0.0000000000000000,0.0000000000000000,1.0000000000000000
M 0.9612616896629333,-0.2756373584270477,0.0000000431429221,-0.0863232538104057,0.2756373584270477,0.9612616896629333,-0.0000002632662586,0.9892215132713318,0.0000000310944301,0.0000002649595672,1.0000000000000000,0.0000000692898325,0.0000000000000000,0.0000000000000000,0.0000000000000000,1.0000000000000000
M 0.9563047289848328,-0.2923717200756073,0.0000000478532165,-0.1008447483181953,0.2923717200756073,0.9563047289848328,-0.0000002764818987,1.0497671365737915,0.0000000350732421,0.0000002783918944,1.0000000000000000,0.0000000809457532,0.0000000000000000,0.0000000000000000,0.0000000000000000,1.0000000000000000
M 0.9510565400123596,-0.3090170025825500,0.0000000527934141,-0.1164202988147736,0.3090170025825500,0.9510565400123596,-0.0000002896133253,1.1100499629974365,0.0000000392859079,0.0000002917527127,1.0000000000000000,0.0000000934481648,0.0000000000000000,0.0000000000000000,0.0000000000000000,1.0000000000000000
M 0.9455185532569885,-0.3255681395530701,0.0000000579620973,-0.1330461055040359,0.3255681395530701,0.9455185532569885,-0.0000003026565025,1.1700518131256104,0.0000000437310632,0.0000003050379576,1.0000000000000000,0.0000001067930810,0.0000000000000000,0.0000000000000000,0.0000000000000000,1.0000000000000000
M 0.9396926164627075,-0.3420201539993286,0.0000000633576320,-0.1507161557674408,0.3420201539993286,0.9396926164627075,-0.0000003156075081,1.2297544479370117,0.0000000484074576,0.0000003182436217,1.0000000000000000,0.0000001209766936,0.0000000000000000,0.0000000000000000,0.0000000000000000,1.0000000000000000
M 0.9335803985595703,-0.3583679497241974,0.0000000689783732,-0.1694259494543076,0.3583679497241974,0.9335803985595703,-0.0000003284623347,1.2891395092010498,0.0000000533135562,0.0000003313656691,1.0000000000000000,0.0000001359942985,0.0000000000000000,0.0000000000000000,0.0000000000000000,1.0000000000000000
M 0.9271838665008545,-0.3746066093444824,0.0000000748225091,-0.1891687810420990,0.3746066093444824,0.9271838665008545,-0.0000003412171736,1.3481891155242920,0.0000000584479949,0.0000003444000924,1.0000000000000000,0.0000001518418742,0.0000000000000000,0.0000000000000000,0.0000000000000000,1.0000000000000000
M 0.9205048680305481,-0.3907311260700226,0.0000000808884124,-0.2099393606185913,0.3907311260700226,0.9205048680305481,-0.0000003538680460,1.4068850278854370,0.0000000638090683,0.0000003573428842,1.0000000000000000,0.0000001685137931,0.0000000000000000,0.0000000000000000,0.0000000000000000,1.0000000000000000
M 0.9135454297065735,-0.4067366421222687,0.0000000871742643,-0.2317312359809875,0.4067366421222687,0.9135454297065735,-0.0000003664110864,1.4652094841003418,0.0000000693952416,0.0000003701901790,1.0000000000000000,0.0000001860058205,0.0000000000000000,0.0000000000000000,0.0000000000000000,1.0000000000000000
M 0.9063077569007874,-0.4226182699203491,0.0000000936779827,-0.2545377016067505,0.4226182699203491,0.9063077569007874,-0.0000003788425715,1.5231448411941528,0.0000000752047526,0.0000003829379978,1.0000000000000000,0.0000002043118315,0.0000000000000000,0.0000000000000000,0.0000000000000000,1.0000000000000000
M 0.8987940549850464,-0.4383711814880371,0.0000001003976564,-0.2783515155315399,0.4383711814880371,0.8987940549850464,-0.0000003911586646,1.5806734561920166,0.0000000812358394,0.0000003955825036,1.0000000000000000,0.0000002234268948,0.0000000000000000,0.0000000000000000,0.0000000000000000,1.0000000000000000
M 0.8910065293312073,-0.4539905190467834,0.0000001073312959,-0.3031659722328186,0.4539905190467834,0.8910065293312073,-0.0000004033555570,1.6377775669097900,0.0000000874867396,0.0000004081198313,1.0000000000000000,0.0000002433448856,0.0000000000000000,0.0000000000000000,0.0000000000000000,1.0000000000000000
M 0.8829475641250610,-0.4694716036319733,0.0000001144767197,-0.3289734125137329,0.4694716036319733,0.8829475641250610,-0.0000004154296391,1.6944398880004883,0.0000000939554639,0.0000004205461437,1.0000000000000000,0.0000002640597359,0.0000000000000000,0.0000000000000000,0.0000000000000000,1.0000000000000000
M 0.8746197223663330,-0.4848096072673798,0.0000001218317749,-0.3557654023170471,0.4848096072673798,0.8746197223663330,-0.0000004273771026,1.7506430149078369,0.0000001006400794,0.0000004328576608,1.0000000000000000,0.0000002855653065,0.0000000000000000,0.0000000000000000,0.0000000000000000,1.0000000000000000
M 0.8660253882408142,-0.5000000000000000,0.0000001293942375,-0.3835346698760986,0.5000000000000000,0.8660253882408142,-0.0000004391944231,1.8063702583312988,0.0000001075385399,0.0000004450506594,1.0000000000000000,0.0000003078548048,0.0000000000000000,0.0000000000000000,0.0000000000000000,1.0000000000000000
M 0.8571673035621643,-0.5150381326675415,0.0000001371617770,-0.4122718572616577,0.5150381326675415,0.8571673035621643,-0.0000004508780194,1.8616044521331787,0.0000001146487421,0.0000004571214163,1.0000000000000000,0.0000003309216368,0.0000000000000000,0.0000000000000000,0.0000000000000000,1.0000000000000000
M 0.8480480909347534,-0.5299192667007446,0.0000001451320344,-0.4419687986373901,0.5299192667007446,0.8480480909347534,-0.0000004624241683,1.9163284301757812,0.0000001219685259,0.0000004690662081,1.0000000000000000,0.0000003547588108,0.0000000000000000,0.0000000000000000,0.0000000000000000,1.0000000000000000
M 0.8386705517768860,-0.5446390509605408,0.0000001533026079,-0.4726162850856781,0.5446390509605408,0.8386705517768860,-0.0000004738295161,1.9705258607864380,0.0000001294956746,0.0000004808814538,1.0000000000000000,0.0000003793589940,0.0000000000000000,0.0000000000000000,0.0000000000000000,1.0000000000000000
M 0.8290375471115112,-0.5591929554939270,0.0000001616710108,-0.5042051672935486,0.5591929554939270,0.8290375471115112,-0.0000004850905384,2.0241804122924805,0.0000001372279144,0.0000004925635153,1.0000000000000000,0.0000004047146831,0.0000000000000000,0.0000000000000000,0.0000000000000000,1.0000000000000000
M 0.8191519975662231,-0.5735765099525452,0.0000001702346282,-0.5367252826690674,0.5735765099525452,0.8191519975662231,-0.0000004962038247,2.0772755146026611,0.0000001451628009,0.0000005041089253,1.0000000000000000,0.0000004308179200,0.0000000000000000,0.0000000000000000,0.0000000000000000,1.0000000000000000
M 0.8090170025825500,-0.5877852439880371,0.0000001789908595,-0.5701672434806824,0.5877852439880371,0.8090170025825500,-0.0000005071658506,2.1297941207885742,0.0000001532979468,0.0000005155139888,1.0000000000000000,0.0000004576609740,0.0000000000000000,0.0000000000000000,0.0000000000000000,1.0000000000000000
M 0.7986354827880859,-0.6018150448799133,0.0000001879371325,-0.6045206189155579,0.6018150448799133,0.7986354827880859,-0.0000005179734899,2.1817221641540527,0.0000001616309646,0.0000005267754091,1.0000000000000000,0.0000004852358302,0.0000000000000000,0.0000000000000000,0.0000000000000000,1.0000000000000000
M 0.7880107760429382,-0.6156615018844604,0.0000001970706052,-0.6397750377655029,0.6156615018844604,0.7880107760429382,-0.0000005286233318,2.2330420017242432,0.0000001701592396,0.0000005378896617,1.0000000000000000,0.0000005135337915,0.0000000000000000,0.0000000000000000,0.0000000000000000,1.0000000000000000
M 0.7771459221839905,-0.6293203830718994,0.0000002063886200,-0.6759200692176819,0.6293203830718994,0.7771459221839905,-0.0000005391120794,2.2837390899658203,0.0000001788801569,0.0000005488533930,1.0000000000000000,0.0000005425464451,0.0000000000000000,0.0000000000000000,0.0000000000000000,1.0000000000000000
M 0.7660444378852844,-0.6427876353263855,0.0000002158882353,-0.7129440903663635,0.6427876353263855,0.7660444378852844,-0.0000005494367201,2.3337976932525635,0.0000001877911586,0.0000005596632491,1.0000000000000000,0.0000005722650371,0.0000000000000000,0.0000000000000000,0.0000000000000000,1.0000000000000000
M 0.7547096014022827,-0.6560590267181396,0.0000002255665947,-0.7508359551429749,0.6560590267181396,0.7547096014022827,-0.0000005595939001,2.3832020759582520,0.0000001968893457,0.0000005703158763,1.0000000000000000,0.0000006026797905,0.0000000000000000,0.0000000000000000,0.0000000000000000,1.0000000000000000
M 0.7431448101997375,-0.6691306233406067,0.0000002354207851,-0.7895846962928772,0.6691306233406067,0.7431448101997375,-0.0000005695807204,2.4319381713867188,0.0000002061721602,0.0000005808081482,1.0000000000000000,0.0000006337826335,0.0000000000000000,0.0000000000000000,0.0000000000000000,1.0000000000000000
M 0.7313537001609802,-0.6819983720779419,0.0000002454476942,-0.8291777372360229,0.6819983720779419,0.7313537001609802,-0.0000005793939408,2.4799904823303223,0.0000002156365895,0.0000005911368248,1.0000000000000000,0.0000006655630500,0.0000000000000000,0.0000000000000000,0.0000000000000000,1.0000000000000000
M 0.7193397283554077,-0.6946583986282349,0.0000002556444372,-0.8696036934852600,0.6946583986282349,0.7193397283554077,-0.0000005890307193,2.5273442268371582,0.0000002252799618,0.0000006012987797,1.0000000000000000,0.0000006980122293,0.0000000000000000,0.0000000000000000,0.0000000000000000,1.0000000000000000
M 0.7071067690849304,-0.7071067690849304,0.0000002660077030,-0.9108496904373169,0.7071067690849304,0.7071067690849304,-0.0000005984880431,2.5739853382110596,0.0000002350990940,0.0000006112908295,1.0000000000000000,0.0000007311192576,0.0000000000000000,0.0000000000000000,0.0000000000000000,1.0000000000000000
M 0.6946583986282349,-0.7193397879600525,0.0000002765344789,-0.9529033303260803,0.7193397879600525,0.6946583986282349,-0.0000006077631269,2.6198995113372803,0.0000002450911438,0.0000006211099617,1.0000000000000000,0.0000007648748692,0.0000000000000000,0.0000000000000000,0.0000000000000000,1.0000000000000000
M 0.6819983720779419,-0.7313537001609802,0.0000002872215816,-0.9957518577575684,0.7313537001609802,0.6819983720779419,-0.0000006168530149,2.6650729179382324,0.0000002552530987,0.0000006307532772,1.0000000000000000,0.0000007992687188,0.0000000000000000,0.0000000000000000,0.0000000000000000,1.0000000000000000
M 0.6691306233406067,-0.7431448101997375,0.0000002980656006,-1.0393824577331543,0.7431448101997375,0.6691306233406067,-0.0000006257549785,2.7094912528991699,0.0000002655817184,0.0000006402177632,1.0000000000000000,0.0000008342898354,0.0000000000000000,0.0000000000000000,0.0000000000000000,1.0000000000000000
M 0.6560590267181396,-0.7547095417976379,0.0000003090634380,-1.0837817192077637,0.7547095417976379,0.6560590267181396,-0.0000006344664030,2.7531416416168213,0.0000002760740472,0.0000006495005778,1.0000000000000000,0.0000008699282716,0.0000000000000000,0.0000000000000000,0.0000000000000000,1.0000000000000000
M 0.6427876353263855,-0.7660443782806396,0.0000003202115408,-1.1289355754852295,0.7660443782806396,0.6427876353263855,-0.0000006429845030,2.7960102558135986,0.0000002867266744,0.0000006585987649,1.0000000000000000,0.0000009061723745,0.0000000000000000,0.0000000000000000,0.0000000000000000,1.0000000000000000
M 0.6293204426765442,-0.7771459221839905,0.0000003315066692,-1.1748310327529907,0.7771459221839905,0.6293204426765442,-0.0000006513068342,2.8380846977233887,0.0000002975365305,0.0000006675097666,1.0000000000000000,0.0000009430116279,0.0000000000000000,0.0000000000000000,0.0000000000000000,1.0000000000000000
M 0.6156615018844604,-0.7880107164382935,0.0000003429452988,-1.2214539051055908,0.7880107164382935,0.6156615018844604,-0.0000006594307251,2.8793516159057617,0.0000003085002618,0.0000006762306839,1.0000000000000000,0.0000009804348338,0.0000000000000000,0.0000000000000000,0.0000000000000000,1.0000000000000000
M 0.6018150448799133,-0.7986354827880859,0.0000003545239906,-1.2687896490097046,0.7986354827880859,0.6018150448799133,-0.0000006673537314,2.9197986125946045,0.0000003196145144,0.0000006847589589,1.0000000000000000,0.0000010184302255,0.0000000000000000,0.0000000000000000,0.0000000000000000,1.0000000000000000
M 0.5877853035926819,-0.8090169429779053,0.0000003662391350,-1.3168241977691650,0.8090169429779053,0.5877853035926819,-0.0000006750734087,2.9594130516052246,0.0000003308758778,0.0000006930919199,1.0000000000000000,0.0000010569864344,0.0000000000000000,0.0000000000000000,0.0000000000000000,1.0000000000000000
M 0.5735765099525452,-0.8191519975662231,0.0000003780872362,-1.3655425310134888,0.8191519975662231,0.5735765099525452,-0.0000006825875403,2.9981834888458252,0.0000003422809982,0.0000007012271226,1.0000000000000000,0.0000010960918644,0.0000000000000000,0.0000000000000000,0.0000000000000000,1.0000000000000000
M 0.5591930150985718,-0.8290374875068665,0.0000003900646846,-1.4149303436279297,0.8290374875068665,0.5591930150985718,-0.0000006898937386,3.0360975265502930,0.0000003538263229,0.0000007091620091,1.0000000000000000,0.0000011357342373,0.0000000000000000,0.0000000000000000,0.0000000000000000,1.0000000000000000
M 0.5446391105651855,-0.8386704921722412,0.0000004021678706,-1.4649723768234253,0.8386704921722412,0.5446391105651855,-0.0000006969897299,3.0731437206268311,0.0000003655084129,0.0000007168941920,1.0000000000000000,0.0000011759019571,0.0000000000000000,0.0000000000000000,0.0000000000000000,1.0000000000000000
M 0.5299193859100342,-0.8480480313301086,0.0000004143929573,-1.5156532526016235,0.8480480313301086,0.5299193859100342,-0.0000007038734680,3.1093111038208008,0.0000003773236301,0.0000007244213407,1.0000000000000000,0.0000012165821772,0.0000000000000000,0.0000000000000000,0.0000000000000000,1.0000000000000000
M 0.5150381922721863,-0.8571672439575195,0.0000004267363920,-1.5669574737548828,0.8571672439575195,0.5150381922721863,-0.0000007105427358,3.1445884704589844,0.0000003892684504,0.0000007317411246,1.0000000000000000,0.0000012577631878,0.0000000000000000,0.0000000000000000,0.0000000000000000,1.0000000000000000
M 0.5000000596046448,-0.8660253882408142,0.0000004391943662,-1.6188700199127197,0.8660253882408142,0.5000000596046448,-0.0000007169956575,3.1789653301239014,0.0000004013392072,0.0000007388513268,1.0000000000000000,0.0000012994321423,0.0000000000000000,0.0000000000000000,0.0000000000000000,1.0000000000000000
M 0.4848096668720245,-0.8746196627616882,0.0000004517630430,-1.6713743209838867,0.8746196627616882,0.4848096668720245,-0.0000007232301300,3.2124307155609131,0.0000004135322058,0.0000007457498441,1.0000000000000000,0.0000013415761941,0.0000000000000000,0.0000000000000000,0.0000000000000000,1.0000000000000000
M 0.4694717228412628,-0.8829475045204163,0.0000004644385285,-1.7244544029235840,0.8829475045204163,0.4694717228412628,-0.0000007292442774,3.2449743747711182,0.0000004258436661,0.0000007524344028,1.0000000000000000,0.0000013841824966,0.0000000000000000,0.0000000000000000,0.0000000000000000,1.0000000000000000
M 0.4539906382560730,-0.8910064697265625,0.0000004772170996,-1.7780946493148804,0.8910064697265625,0.4539906382560730,-0.0000007350363376,3.2765872478485107,0.0000004382700070,0.0000007589031270,1.0000000000000000,0.0000014272384306,0.0000000000000000,0.0000000000000000,0.0000000000000000,1.0000000000000000
M 0.4383712708950043,-0.8987939953804016,0.0000004900948625,-1.8322784900665283,0.8987939953804016,0.4383712708950043,-0.0000007406044347,3.3072590827941895,0.0000004508073346,0.0000007651540272,1.0000000000000000,0.0000014707305809,0.0000000000000000,0.0000000000000000,0.0000000000000000,1.0000000000000000
M 0.4226184785366058,-0.9063076972961426,0.0000005030677244,-1.8869889974594116,0.9063076972961426,0.4226184785366058,-0.0000007459469771,3.3369801044464111,0.0000004634517552,0.0000007711851140,1.0000000000000000,0.0000015146454189,0.0000000000000000,0.0000000000000000,0.0000000000000000,1.0000000000000000
M 0.4067368209362030,-0.9135453701019287,0.0000005161319336,-1.9422103166580200,0.9135453701019287,0.4067368209362030,-0.0000007510622595,3.3657422065734863,0.0000004761996024,0.0000007769946251,1.0000000000000000,0.0000015589704390,0.0000000000000000,0.0000000000000000,0.0000000000000000,1.0000000000000000
M 0.3907313048839569,-0.9205048084259033,0.0000005292834544,-1.9979250431060791,0.9205048084259033,0.3907313048839569,-0.0000007559488608,3.3935360908508301,0.0000004890468972,0.0000007825807984,1.0000000000000000,0.0000016036915440,0.0000000000000000,0.0000000000000000,0.0000000000000000,1.0000000000000000
M 0.3746067583560944,-0.9271838068962097,0.0000005425181939,-2.0541164875030518,0.9271838068962097,0.3746067583560944,-0.0000007606051327,3.4203534126281738,0.0000005019897458,0.0000007879419286,1.0000000000000000,0.0000016487952053,0.0000000000000000,0.0000000000000000,0.0000000000000000,1.0000000000000000
M 0.3583681881427765,-0.9335803389549255,0.0000005558322300,-2.1107671260833740,0.9335803389549255,0.3583681881427765,-0.0000007650297107,3.4461860656738281,0.0000005150241122,0.0000007930762536,1.0000000000000000,0.0000016942673255,0.0000000000000000,0.0000000000000000,0.0000000000000000,1.0000000000000000
M 0.3420203626155853,-0.9396925568580627,0.0000005692214131,-2.1678600311279297,0.9396925568580627,0.3420203626155853,-0.0000007692211739,3.4710259437561035,0.0000005281461313,0.0000007979824090,1.0000000000000000,0.0000017400947172,0.0000000000000000,0.0000000000000000,0.0000000000000000,1.0000000000000000
M 0.3255683779716492,-0.9455184936523438,0.0000005826817642,-2.2253777980804443,0.9455184936523438,0.3255683779716492,-0.0000007731784422,3.4948656558990479,0.0000005413518238,0.0000008026588034,1.0000000000000000,0.0000017862630557,0.0000000000000000,0.0000000000000000,0.0000000000000000,1.0000000000000000
M 0.3090171813964844,-0.9510564804077148,0.0000005962090199,-2.2833032608032227,0.9510564804077148,0.3090171813964844,-0.0000007769002082,3.5176980495452881,0.0000005546370403,0.0000008071039588,1.0000000000000000,0.0000018327583575,0.0000000000000000,0.0000000000000000,0.0000000000000000,1.0000000000000000
M 0.2923719882965088,-0.9563046693801880,0.0000006097992014,-2.3416175842285156,0.9563046693801880,0.2923719882965088,-0.0000007803852213,3.5395154953002930,0.0000005679978017,0.0000008113166245,1.0000000000000000,0.0000018795661845,0.0000000000000000,0.0000000000000000,0.0000000000000000,1.0000000000000000
M 0.2756376266479492,-0.9612616300582886,0.0000006234482157,-2.4003043174743652,0.9612616300582886,0.2756376266479492,-0.0000007836326290,3.5603125095367432,0.0000005814301289,0.0000008152954365,1.0000000000000000,0.0000019266726667,0.0000000000000000,0.0000000000000000,0.0000000000000000,1.0000000000000000
M 0.2588193118572235,-0.9659257531166077,0.0000006371517429,-2.4593451023101807,0.9659257531166077,0.2588193118572235,-0.0000007866412375,3.5800819396972656,0.0000005949298156,0.0000008190392577,1.0000000000000000,0.0000019740634798,0.0000000000000000,0.0000000000000000,0.0000000000000000,1.0000000000000000
M 0.2419222444295883,-0.9702956676483154,0.0000006509057471,-2.5187215805053711,0.9702956676483154,0.2419222444295883,-0.0000007894102509,3.5988180637359619,0.0000006084927691,0.0000008225468378,1.0000000000000000,0.0000020217237306,0.0000000000000000,0.0000000000000000,0.0000000000000000,1.0000000000000000
M 0.2249512672424316,-0.9743700027465820,0.0000006647060218,-2.5784168243408203,0.9743700027465820,0.2249512672424316,-0.0000007919388167,3.6165146827697754,0.0000006221149533,0.0000008258172670,1.0000000000000000,0.0000020696397769,0.0000000000000000,0.0000000000000000,0.0000000000000000,1.0000000000000000
M 0.2079119980335236,-0.9781475067138672,0.0000006785482469,-2.6384108066558838,0.9781475067138672,0.2079119980335236,-0.0000007942261391,3.6331670284271240,0.0000006357920483,0.0000008288494087,1.0000000000000000,0.0000021177957024,0.0000000000000000,0.0000000000000000,0.0000000000000000,1.0000000000000000
M 0.1908093988895416,-0.9816271066665649,0.0000006924282161,-2.6986863613128662,0.9816271066665649,0.1908093988895416,-0.0000007962715358,3.6487696170806885,0.0000006495199045,0.0000008316424100,1.0000000000000000,0.0000021661776373,0.0000000000000000,0.0000000000000000,0.0000000000000000,1.0000000000000000
M 0.1736484467983246,-0.9848077297210693,0.0000007063419503,-2.7592258453369141,0.9848077297210693,0.1736484467983246,-0.0000007980744385,3.6633183956146240,0.0000006632946565,0.0000008341953617,1.0000000000000000,0.0000022147712571,0.0000000000000000,0.0000000000000000,0.0000000000000000,1.0000000000000000
M 0.1564348340034485,-0.9876883029937744,0.0000007202848451,-2.8200094699859619,0.9876883029937744,0.1564348340034485,-0.0000007996341651,3.6768081188201904,0.0000006771116432,0.0000008365075814,1.0000000000000000,0.0000022635608730,0.0000000000000000,0.0000000000000000,0.0000000000000000,1.0000000000000000
M 0.1391734480857849,-0.9902679920196533,0.0000007342529784,-2.8810193538665771,0.9902679920196533,0.1391734480857849,-0.0000008009503176,3.6892347335815430,0.0000006909669992,0.0000008385782735,1.0000000000000000,0.0000023125323878,0.0000000000000000,0.0000000000000000,0.0000000000000000,1.0000000000000000
M 0.1218696758151054,-0.9925460815429688,0.0000007482419164,-2.9422369003295898,0.9925460815429688,0.1218696758151054,-0.0000008020224982,3.7005949020385742,0.0000007048563475,0.0000008404068126,1.0000000000000000,0.0000023616703402,0.0000000000000000,0.0000000000000000,0.0000000000000000,1.0000000000000000
M 0.1045288965106010,-0.9945218563079834,0.0000007622473390,-3.0036430358886719,0.9945218563079834,0.1045288965106010,-0.0000008028504794,3.7108848094940186,0.0000007187754250,0.0000008419927440,1.0000000000000000,0.0000024109597234,0.0000000000000000,0.0000000000000000,0.0000000000000000,1.0000000000000000
M 0.0871560350060463,-0.9961946606636047,0.0000007762653240,-3.0652201175689697,0.9961946606636047,0.0871560350060463,-0.0000008034337498,3.7201018333435059,0.0000007327202525,0.0000008433354424,1.0000000000000000,0.0000024603862130,0.0000000000000000,0.0000000000000000,0.0000000000000000,1.0000000000000000
M 0.0697568655014038,-0.9975640177726746,0.0000007902910966,-3.1269478797912598,0.9975640177726746,0.0697568655014038,-0.0000008037724228,3.7282423973083496,0.0000007466861689,0.0000008444346236,1.0000000000000000,0.0000025099338927,0.0000000000000000,0.0000000000000000,0.0000000000000000,1.0000000000000000
M 0.0523364506661892,-0.9986295104026794,0.0000008043206776,-3.1888084411621094,0.9986295104026794,0.0523364506661892,-0.0000008038661576,3.7353045940399170,0.0000007606691952,0.0000008452898328,1.0000000000000000,0.0000025595879833,0.0000000000000000,0.0000000000000000,0.0000000000000000,1.0000000000000000
M 0.0348998494446278,-0.9993908405303955,0.0000008183499176,-3.2507834434509277,0.9993908405303955,0.0348998494446278,-0.0000008037150678,3.7412862777709961,0.0000007746651818,0.0000008459009564,1.0000000000000000,0.0000026093341603,0.0000000000000000,0.0000000000000000,0.0000000000000000,1.0000000000000000
M 0.0174528602510691,-0.9998477101325989,0.0000008323742122,-3.3128526210784912,0.9998477101325989,0.0174528602510691,-0.0000008033192103,3.7461850643157959,0.0000007886694675,0.0000008462676533,1.0000000000000000,0.0000026591558253,0.0000000000000000,0.0000000000000000,0.0000000000000000,1.0000000000000000
M 0.0000004331264165,-1.0000000000000000,0.0000008463895824,-3.3749985694885254,1.0000000000000000,0.0000004331257344,-0.0000008026785281,3.7500000000000000,0.0000008026781870,0.0000008463899235,1.0000000000000000,0.0000027090386538,0.0000000000000000,0.0000000000000000,0.0000000000000000,1.0000000000000000
M -0.0174519941210747,-0.9998477101325989,0.0000008603915944,-3.4372012615203857,0.9998477101325989,-0.0174519941210747,-0.0000008017934761,3.7527296543121338,0.0000008166868497,0.0000008462676533,1.0000000000000000,0.0000027589676392,0.0000000000000000,0.0000000000000000,0.0000000000000000,1.0000000000000000
M -0.0348991043865681,-0.9993908405303955,0.0000008743760418,-3.4994423389434814,0.9993908405303955,-0.0348991043865681,-0.0000008006640542,3.7543735504150391,0.0000008306913060,0.0000008459009564,1.0000000000000000,0.0000028089270927,0.0000000000000000,0.0000000000000000,0.0000000000000000,1.0000000000000000
M -0.0523355863988400,-0.9986295700073242,0.0000008883386613,-3.5617024898529053,0.9986295700073242,-0.0523355863988400,-0.0000007992908309,3.7549307346343994,0.0000008446871789,0.0000008452898896,1.0000000000000000,0.0000028589020076,0.0000000000000000,0.0000000000000000,0.0000000000000000,1.0000000000000000
M -0.0697560012340546,-0.9975640773773193,0.0000009022750760,-3.6239624023437500,0.9975640773773193,-0.0697560012340546,-0.0000007976741472,3.7544012069702148,0.0000008586701483,0.0000008444346804,1.0000000000000000,0.0000029088769224,0.0000000000000000,0.0000000000000000,0.0000000000000000,1.0000000000000000
M -0.0871552973985672,-0.9961947202682495,0.0000009161813068,-3.6862041950225830,0.9961947202682495,-0.0871552973985672,-0.0000007958144010,3.7527854442596436,0.0000008726361784,0.0000008433354992,1.0000000000000000,0.0000029588368307,0.0000000000000000,0.0000000000000000,0.0000000000000000,1.0000000000000000
M -0.1045280322432518,-0.9945219159126282,0.0000009300528632,-3.7484083175659180,0.9945219159126282,-0.1045280322432518,-0.0000007937123314,3.7500832080841064,0.0000008865809491,0.0000008419928008,1.0000000000000000,0.0000030087667255,0.0000000000000000,0.0000000000000000,0.0000000000000000,1.0000000000000000
M -0.1218689382076263,-0.9925462007522583,0.0000009438856523,-3.8105556964874268,0.9925462007522583,-0.1218689382076263,-0.0000007913684499,3.7462964057922363,0.0000009005000834,0.0000008404069263,1.0000000000000000,0.0000030586511457,0.0000000000000000,0.0000000000000000,0.0000000000000000,1.0000000000000000
M -0.1391727179288864,-0.9902681112289429,0.0000009576755247,-3.8726274967193604,0.9902681112289429,-0.1391727179288864,-0.0000007887834954,3.7414250373840332,0.0000009143894886,0.0000008385783303,1.0000000000000000,0.0000031084748571,0.0000000000000000,0.0000000000000000,0.0000000000000000,1.0000000000000000
M -0.1564339846372604,-0.9876884222030640,0.0000009714179896,-3.9346044063568115,0.9876884222030640,-0.1564339846372604,-0.0000007859583775,3.7354714870452881,0.0000009282447309,0.0000008365076951,1.0000000000000000,0.0000031582223983,0.0000000000000000,0.0000000000000000,0.0000000000000000,1.0000000000000000
M -0.1736477166414261,-0.9848078489303589,0.0000009851091818,-3.9964685440063477,0.9848078489303589,-0.1736477166414261,-0.0000007828937783,3.7284369468688965,0.0000009420618312,0.0000008341954754,1.0000000000000000,0.0000032078794447,0.0000000000000000,0.0000000000000000,0.0000000000000000,1.0000000000000000
M -0.1908085495233536,-0.9816272854804993,0.0000009987446674,-4.0582003593444824,0.9816272854804993,-0.1908085495233536,-0.0000007795906072,3.7203238010406494,0.0000009558364127,0.0000008316425237,1.0000000000000000,0.0000032574303077,0.0000000000000000,0.0000000000000000,0.0000000000000000,1.0000000000000000
M -0.2079112678766251,-0.9781476855278015,0.0000010123205811,-4.1197810173034668,0.9781476855278015,-0.2079112678766251,-0.0000007760500580,3.7111344337463379,0.0000009695644394,0.0000008288495223,1.0000000000000000,0.0000033068599805,0.0000000000000000,0.0000000000000000,0.0000000000000000,1.0000000000000000
M -0.2249506562948227,-0.9743701815605164,0.0000010258326029,-4.1811923980712891,0.9743701815605164,-0.2249506562948227,-0.0000007722731539,3.7008719444274902,0.0000009832415344,0.0000008258173807,1.0000000000000000,0.0000033561532291,0.0000000000000000,0.0000000000000000,0.0000000000000000,1.0000000000000000
M -0.2419214099645615,-0.9702958464622498,0.0000010392766399,-4.2424144744873047,0.9702958464622498,-0.2419214099645615,-0.0000007682609748,3.6895391941070557,0.0000009968636050,0.0000008225470083,1.0000000000000000,0.0000034052950468,0.0000000000000000,0.0000000000000000,0.0000000000000000,1.0000000000000000
M -0.2588185667991638,-0.9659259319305420,0.0000010526485994,-4.3034300804138184,0.9659259319305420,-0.2588185667991638,-0.0000007640147146,3.6771395206451416,0.0000010104266721,0.0000008190394283,1.0000000000000000,0.0000034542708818,0.0000000000000000,0.0000000000000000,0.0000000000000000,1.0000000000000000
M -0.2756369113922119,-0.9612618088722229,0.0000010659445024,-4.3642196655273438,0.9612618088722229,-0.2756369113922119,-0.0000007595357374,3.6636772155761719,0.0000010239264157,0.0000008152956070,1.0000000000000000,0.0000035030654999,0.0000000000000000,0.0000000000000000,0.0000000000000000,1.0000000000000000
M -0.2923712730407715,-0.9563049077987671,0.0000010791600289,-4.4247655868530273,0.9563049077987671,-0.2923712730407715,-0.0000007548254644,3.6491558551788330,0.0000010373586292,0.0000008113167951,1.0000000000000000,0.0000035516641219,0.0000000000000000,0.0000000000000000,0.0000000000000000,1.0000000000000000
M -0.3090165853500366,-0.9510566592216492,0.0000010922914271,-4.4850482940673828,0.9510566592216492,-0.3090165853500366,-0.0000007498852028,3.6335799694061279,0.0000010507194474,0.0000008071041293,1.0000000000000000,0.0000036000519685,0.0000000000000000,0.0000000000000000,0.0000000000000000,1.0000000000000000
M -0.3255677819252014,-0.9455187320709229,0.0000011053347180,-4.5450506210327148,0.9455187320709229,-0.3255677819252014,-0.0000007447165444,3.6169545650482178,0.0000010640047776,0.0000008026589740,1.0000000000000000,0.0000036482142605,0.0000000000000000,0.0000000000000000,0.0000000000000000,1.0000000000000000
M -0.3420196771621704,-0.9396927952766418,0.0000011182856952,-4.6047525405883789,0.9396927952766418,-0.3420196771621704,-0.0000007393210808,3.5992841720581055,0.0000010772102996,0.0000007979826364,1.0000000000000000,0.0000036961359910,0.0000000000000000,0.0000000000000000,0.0000000000000000,1.0000000000000000
M -0.3583675026893616,-0.9335805773735046,0.0000011311406070,-4.6641378402709961,0.9335805773735046,-0.3583675026893616,-0.0000007337003467,3.5805747509002686,0.0000010903324892,0.0000007930764809,1.0000000000000000,0.0000037438032905,0.0000000000000000,0.0000000000000000,0.0000000000000000,1.0000000000000000
M -0.3746061623096466,-0.9271840453147888,0.0000011438953607,-4.7231874465942383,0.9271840453147888,-0.3746061623096466,-0.0000007278561611,3.5608317852020264,0.0000011033669125,0.0000007879420991,1.0000000000000000,0.0000037912011521,0.0000000000000000,0.0000000000000000,0.0000000000000000,1.0000000000000000
M -0.3907307088375092,-0.9205050468444824,0.0000011565462046,-4.7818832397460938,0.9205050468444824,-0.3907307088375092,-0.0000007217902294,3.5400612354278564,0.0000011163097042,0.0000007825810258,1.0000000000000000,0.0000038383150240,0.0000000000000000,0.0000000000000000,0.0000000000000000,1.0000000000000000
M -0.4067362546920776,-0.9135456085205078,0.0000011690893871,-4.8402080535888672,0.9135456085205078,-0.4067362546920776,-0.0000007155044273,3.5182690620422363,0.0000011291569990,0.0000007769948525,1.0000000000000000,0.0000038851308091,0.0000000000000000,0.0000000000000000,0.0000000000000000,1.0000000000000000
M -0.4226179122924805,-0.9063079357147217,0.0000011815208154,-4.8981437683105469,0.9063079357147217,-0.4226179122924805,-0.0000007090007443,3.4954628944396973,0.0000011419048178,0.0000007711853414,1.0000000000000000,0.0000039316346374,0.0000000000000000,0.0000000000000000,0.0000000000000000,1.0000000000000000
M -0.4383707046508789,-0.8987942934036255,0.0000011938368516,-4.9556717872619629,0.8987942934036255,-0.4383707046508789,-0.0000007022810564,3.4716491699218750,0.0000011545492953,0.0000007651542546,1.0000000000000000,0.0000039778110477,0.0000000000000000,0.0000000000000000,0.0000000000000000,1.0000000000000000
M -0.4539901912212372,-0.8910067081451416,0.0000012060338577,-5.0127763748168945,0.8910067081451416,-0.4539901912212372,-0.0000006953474099,3.4468345642089844,0.0000011670866797,0.0000007589032975,1.0000000000000000,0.0000040236477616,0.0000000000000000,0.0000000000000000,0.0000000000000000,1.0000000000000000
M -0.4694711565971375,-0.8829478025436401,0.0000012181078546,-5.0694384574890137,0.8829478025436401,-0.4694711565971375,-0.0000006882020216,3.4210274219512939,0.0000011795129922,0.0000007524346302,1.0000000000000000,0.0000040691293179,0.0000000000000000,0.0000000000000000,0.0000000000000000,1.0000000000000000
M -0.4848093390464783,-0.8746198415756226,0.0000012300554317,-5.1256418228149414,0.8746198415756226,-0.4848093390464783,-0.0000006808468811,3.3942351341247559,0.0000011918245946,0.0000007457499578,1.0000000000000000,0.0000041142425289,0.0000000000000000,0.0000000000000000,0.0000000000000000,1.0000000000000000
M -0.4999996423721313,-0.8660256266593933,0.0000012418727238,-5.1813688278198242,0.8660256266593933,-0.4999996423721313,-0.0000006732844895,3.3664662837982178,0.0000012040175079,0.0000007388515542,1.0000000000000000,0.0000041589737521,0.0000000000000000,0.0000000000000000,0.0000000000000000,1.0000000000000000
M -0.5150376558303833,-0.8571675419807434,0.0000012535562064,-5.2366027832031250,0.8571675419807434,-0.5150376558303833,-0.0000006655169500,3.3377289772033691,0.0000012160882079,0.0000007317414088,1.0000000000000000,0.0000042033084355,0.0000000000000000,0.0000000000000000,0.0000000000000000,1.0000000000000000
M -0.5299189686775208,-0.8480482697486877,0.0000012651025827,-5.2913274765014648,0.8480482697486877,-0.5299189686775208,-0.0000006575465932,3.3080317974090576,0.0000012280330566,0.0000007244215681,1.0000000000000000,0.0000042472347559,0.0000000000000000,0.0000000000000000,0.0000000000000000,1.0000000000000000
M -0.5446386337280273,-0.8386708498001099,0.0000012765077599,-5.3455243110656738,0.8386708498001099,-0.5446386337280273,-0.0000006493761475,3.2773845195770264,0.0000012398483022,0.0000007168944762,1.0000000000000000,0.0000042907377065,0.0000000000000000,0.0000000000000000,0.0000000000000000,1.0000000000000000
M -0.5591925978660583,-0.8290377855300903,0.0000012877687823,-5.3991789817810059,0.8290377855300903,-0.5591925978660583,-0.0000006410077731,3.2457957267761230,0.0000012515304206,0.0000007091621796,1.0000000000000000,0.0000043338050091,0.0000000000000000,0.0000000000000000,0.0000000000000000,1.0000000000000000
M -0.5735760927200317,-0.8191522955894470,0.0000012988820117,-5.4522738456726074,0.8191522955894470,-0.5735760927200317,-0.0000006324441415,3.2132756710052490,0.0000012630757737,0.0000007012273500,1.0000000000000000,0.0000043764230213,0.0000000000000000,0.0000000000000000,0.0000000000000000,1.0000000000000000
M -0.5877848267555237,-0.8090173006057739,0.0000013098441514,-5.5047926902770996,0.8090173006057739,-0.5877848267555237,-0.0000006236879244,3.1798338890075684,0.0000012744808373,0.0000006930922041,1.0000000000000000,0.0000044185790102,0.0000000000000000,0.0000000000000000,0.0000000000000000,1.0000000000000000
M -0.6018146872520447,-0.7986357212066650,0.0000013206516769,-5.5567207336425781,0.7986357212066650,-0.6018146872520447,-0.0000006147415661,3.1454799175262451,0.0000012857422007,0.0000006847591294,1.0000000000000000,0.0000044602602429,0.0000000000000000,0.0000000000000000,0.0000000000000000,1.0000000000000000
M -0.6156610846519470,-0.7880110740661621,0.0000013313015188,-5.6080403327941895,0.7880110740661621,-0.6156610846519470,-0.0000006056081929,3.1102259159088135,0.0000012968564533,0.0000006762309681,1.0000000000000000,0.0000045014535317,0.0000000000000000,0.0000000000000000,0.0000000000000000,1.0000000000000000
M -0.6293201446533203,-0.7771461606025696,0.0000013417904938,-5.6587381362915039,0.7771461606025696,-0.6293201446533203,-0.0000005962900786,3.0740809440612793,0.0000013078201846,0.0000006675099371,1.0000000000000000,0.0000045421475079,0.0000000000000000,0.0000000000000000,0.0000000000000000,1.0000000000000000
