O COUPLED_REAR_4_HIDE_INVERT
A COUPLED_REAR_4_HIDE_INVERT
M 0.7071067690849304,-0.0000000309086197,-0.7071067690849304,1.4461603164672852,0.0000000000000000,1.0000000000000000,-0.0000000437113883,0.0000000000000000,0.7071067690849304,0.0000000309086197,0.7071067690849304,-3.4913396835327148,0.0000000000000000,0.0000000000000000,0.0000000000000000,1.0000000000000000
M 0.7193397879600525,-0.0000000303644825,-0.6946583986282349,1.3857598304748535,0.0000000000000000,1.0000000000000000,-0.0000000437113883,0.0000000000000000,0.6946583986282349,0.0000000314433422,0.7193397879600525,-3.4298758506774902,0.0000000000000000,0.0000000000000000,0.0000000000000000,1.0000000000000000
M 0.7313537001609802,-0.0000000298110940,-0.6819983720779419,1.3264410495758057,0.0000000000000000,1.0000000000000000,-0.0000000437113883,0.0000000000000000,0.6819983720779419,0.0000000319684865,0.7313537001609802,-3.3673670291900635,0.0000000000000000,0.0000000000000000,0.0000000000000000,1.0000000000000000
M 0.7431448101997375,-0.0000000292486284,-0.6691306233406067,1.2682225704193115,0.0000000000000000,1.0000000000000000,-0.0000000437113883,0.0000000000000000,0.6691306233406067,0.0000000324838929,0.7431448101997375,-3.3038325309753418,0.0000000000000000,0.0000000000000000,0.0000000000000000,1.0000000000000000
M 0.7547096014022827,-0.0000000286772508,-0.6560590267181396,1.2111213207244873,0.0000000000000000,1.0000000000000000,-0.0000000437113883,0.0000000000000000,0.6560590267181396,0.0000000329894050,0.7547096014022827,-3.2392914295196533,0.0000000000000000,0.0000000000000000,0.0000000000000000,1.0000000000000000
M 0.7660444378852844,-0.0000000280971406,-0.6427876353263855,1.1551556587219238,0.0000000000000000,1.0000000000000000,-0.0000000437113883,0.0000000000000000,0.6427876353263855,0.0000000334848664,0.7660444378852844,-3.1737639904022217,0.0000000000000000,0.0000000000000000,0.0000000000000000,1.0000000000000000
M 0.7771459221839905,-0.0000000275084684,-0.6293203830718994,1.1003420352935791,0.0000000000000000,1.0000000000000000,-0.0000000437113883,0.0000000000000000,0.6293203830718994,0.0000000339701280,0.7771459221839905,-3.1072692871093750,0.0000000000000000,0.0000000000000000,0.0000000000000000,1.0000000000000000
M 0.7880107760429382,-0.0000000269114189,-0.6156615018844604,1.0466969013214111,0.0000000000000000,1.0000000000000000,-0.0000000437113883,0.0000000000000000,0.6156615018844604,0.0000000344450442,0.7880107760429382,-3.0398287773132324,0.0000000000000000,0.0000000000000000,0.0000000000000000,1.0000000000000000
M 0.7986354827880859,-0.0000000263061715,-0.6018150448799133,0.9942374229431152,0.0000000000000000,1.0000000000000000,-0.0000000437113883,0.0000000000000000,0.6018150448799133,0.0000000349094655,0.7986354827880859,-2.9714617729187012,0.0000000000000000,0.0000000000000000,0.0000000000000000,1.0000000000000000
M 0.8090170025825500,-0.0000000256929091,-0.5877852439880371,0.9429786205291748,0.0000000000000000,1.0000000000000000,-0.0000000437113883,0.0000000000000000,0.5877852439880371,0.0000000353632572,0.8090170025825500,-2.9021897315979004,0.0000000000000000,0.0000000000000000,0.0000000000000000,1.0000000000000000
M 0.8191520571708679,-0.0000000250718237,-0.5735764503479004,0.8929367065429688,0.0000000000000000,1.0000000000000000,-0.0000000437113883,0.0000000000000000,0.5735764503479004,0.0000000358062735,0.8191520571708679,-2.8320336341857910,0.0000000000000000,0.0000000000000000,0.0000000000000000,1.0000000000000000
M 0.8290376067161560,-0.0000000244430982,-0.5591928958892822,0.8441267013549805,0.0000000000000000,1.0000000000000000,-0.0000000437113883,0.0000000000000000,0.5591928958892822,0.0000000362383830,0.8290376067161560,-2.7610149383544922,0.0000000000000000,0.0000000000000000,0.0000000000000000,1.0000000000000000
M 0.8386705517768860,-0.0000000238069298,-0.5446390509605408,0.7965641021728516,0.0000000000000000,1.0000000000000000,-0.0000000437113883,0.0000000000000000,0.5446390509605408,0.0000000366594541,0.8386705517768860,-2.6891553401947021,0.0000000000000000,0.0000000000000000,0.0000000000000000,1.0000000000000000
M 0.8480480909347534,-0.0000000231635067,-0.5299192667007446,0.7502627372741699,0.0000000000000000,1.0000000000000000,-0.0000000437113883,0.0000000000000000,0.5299192667007446,0.0000000370693591,0.8480480909347534,-2.6164762973785400,0.0000000000000000,0.0000000000000000,0.0000000000000000,1.0000000000000000
M 0.8571673035621643,-0.0000000225130314,-0.5150381326675415,0.7052364349365234,0.0000000000000000,1.0000000000000000,-0.0000000437113883,0.0000000000000000,0.5150381326675415,0.0000000374679736,0.8571673035621643,-2.5430006980895996,0.0000000000000000,0.0000000000000000,0.0000000000000000,1.0000000000000000
M 0.8660253882408142,-0.0000000218556941,-0.5000000000000000,0.6614995002746582,0.0000000000000000,1.0000000000000000,-0.0000000437113883,0.0000000000000000,0.5000000000000000,0.0000000378551732,0.8660253882408142,-2.4687500000000000,0.0000000000000000,0.0000000000000000,0.0000000000000000,1.0000000000000000
M 0.8746197223663330,-0.0000000211917008,-0.4848096072673798,0.6190652847290039,0.0000000000000000,1.0000000000000000,-0.0000000437113883,0.0000000000000000,0.4848096072673798,0.0000000382308407,0.8746197223663330,-2.3937473297119141,0.0000000000000000,0.0000000000000000,0.0000000000000000,1.0000000000000000
M 0.8829475641250610,-0.0000000205212540,-0.4694715738296509,0.5779461860656738,0.0000000000000000,1.0000000000000000,-0.0000000437113883,0.0000000000000000,0.4694715738296509,0.0000000385948624,0.8829475641250610,-2.3180158138275146,0.0000000000000000,0.0000000000000000,0.0000000000000000,1.0000000000000000
M 0.8910065293312073,-0.0000000198445562,-0.4539905190467834,0.5381550788879395,0.0000000000000000,1.0000000000000000,-0.0000000437113883,0.0000000000000000,0.4539905190467834,0.0000000389471317,0.8910065293312073,-2.2415781021118164,0.0000000000000000,0.0000000000000000,0.0000000000000000,1.0000000000000000
M 0.8987940549850464,-0.0000000191618135,-0.4383711814880371,0.4997043311595917,0.0000000000000000,1.0000000000000000,-0.0000000437113883,0.0000000000000000,0.4383711814880371,0.0000000392875350,0.8987940549850464,-2.1644577980041504,0.0000000000000000,0.0000000000000000,0.0000000000000000,1.0000000000000000
M 0.9063077569007874,-0.0000000184732318,-0.4226182699203491,0.4626054465770721,0.0000000000000000,1.0000000000000000,-0.0000000437113883,0.0000000000000000,0.4226182699203491,0.0000000396159692,0.9063077569007874,-2.0866777896881104,0.0000000000000000,0.0000000000000000,0.0000000000000000,1.0000000000000000
M 0.9135454297065735,-0.0000000177790227,-0.4067366421222687,0.4268693625926971,0.0000000000000000,1.0000000000000000,-0.0000000437113883,0.0000000000000000,0.4067366421222687,0.0000000399323383,0.9135454297065735,-2.0082621574401855,0.0000000000000000,0.0000000000000000,0.0000000000000000,1.0000000000000000
M 0.9205048680305481,-0.0000000170793992,-0.3907311260700226,0.3925070464611053,0.0000000000000000,1.0000000000000000,-0.0000000437113883,0.0000000000000000,0.3907311260700226,0.0000000402365465,0.9205048680305481,-1.9292349815368652,0.0000000000000000,0.0000000000000000,0.0000000000000000,1.0000000000000000
M 0.9271838665008545,-0.0000000163745746,-0.3746066093444824,0.3595294952392578,0.0000000000000000,1.0000000000000000,-0.0000000437113883,0.0000000000000000,0.3746066093444824,0.0000000405284943,0.9271838665008545,-1.8496201038360596,0.0000000000000000,0.0000000000000000,0.0000000000000000,1.0000000000000000
M 0.9335803985595703,-0.0000000156647602,-0.3583679497241974,0.3279466629028320,0.0000000000000000,1.0000000000000000,-0.0000000437113883,0.0000000000000000,0.3583679497241974,0.0000000408080965,0.9335803985595703,-1.7694417238235474,0.0000000000000000,0.0000000000000000,0.0000000000000000,1.0000000000000000
M 0.9396926164627075,-0.0000000149501762,-0.3420201539993286,0.2977676391601562,0.0000000000000000,1.0000000000000000,-0.0000000437113883,0.0000000000000000,0.3420201539993286,0.0000000410752676,0.9396926164627075,-1.6887245178222656,0.0000000000000000,0.0000000000000000,0.0000000000000000,1.0000000000000000
M 0.9455185532569885,-0.0000000142310350,-0.3255681395530701,0.2690019607543945,0.0000000000000000,1.0000000000000000,-0.0000000437113883,0.0000000000000000,0.3255681395530701,0.0000000413299297,0.9455185532569885,-1.6074926853179932,0.0000000000000000,0.0000000000000000,0.0000000000000000,1.0000000000000000
M 0.9510565400123596,-0.0000000135075622,-0.3090170025825500,0.2416581958532333,0.0000000000000000,1.0000000000000000,-0.0000000437113883,0.0000000000000000,0.3090170025825500,0.0000000415720010,0.9510565400123596,-1.5257714986801147,0.0000000000000000,0.0000000000000000,0.0000000000000000,1.0000000000000000
M 0.9563047885894775,-0.0000000127799726,-0.2923716902732849,0.2157449573278427,0.0000000000000000,1.0000000000000000,-0.0000000437113883,0.0000000000000000,0.2923716902732849,0.0000000418014103,0.9563047885894775,-1.4435852766036987,0.0000000000000000,0.0000000000000000,0.0000000000000000,1.0000000000000000
M 0.9612616896629333,-0.0000000120484929,-0.2756373882293701,0.1912703365087509,0.0000000000000000,1.0000000000000000,-0.0000000437113883,0.0000000000000000,0.2756373882293701,0.0000000420180832,0.9612616896629333,-1.3609596490859985,0.0000000000000000,0.0000000000000000,0.0000000000000000,1.0000000000000000
M 0.9659258127212524,-0.0000000113133396,-0.2588190436363220,0.1682414859533310,0.0000000000000000,1.0000000000000000,-0.0000000437113883,0.0000000000000000,0.2588190436363220,0.0000000422219593,0.9659258127212524,-1.2779190540313721,0.0000000000000000,0.0000000000000000,0.0000000000000000,1.0000000000000000
M 0.9702957272529602,-0.0000000105747420,-0.2419218868017197,0.1466646045446396,0.0000000000000000,1.0000000000000000,-0.0000000437113883,0.0000000000000000,0.2419218868017197,0.0000000424129745,0.9702957272529602,-1.1944893598556519,0.0000000000000000,0.0000000000000000,0.0000000000000000,1.0000000000000000
M 0.9743700623512268,-0.0000000098329238,-0.2249510735273361,0.1265477985143661,0.0000000000000000,1.0000000000000000,-0.0000000437113883,0.0000000000000000,0.2249510735273361,0.0000000425910684,0.9743700623512268,-1.1106959581375122,0.0000000000000000,0.0000000000000000,0.0000000000000000,1.0000000000000000
M 0.9781476259231567,-0.0000000090881089,-0.2079117000102997,0.1078963205218315,0.0000000000000000,1.0000000000000000,-0.0000000437113883,0.0000000000000000,0.2079117000102997,0.0000000427561915,0.9781476259231567,-1.0265640020370483,0.0000000000000000,0.0000000000000000,0.0000000000000000,1.0000000000000000
M 0.9816271662712097,-0.0000000083405256,-0.1908089816570282,0.0907158777117729,0.0000000000000000,1.0000000000000000,-0.0000000437113883,0.0000000000000000,0.1908089816570282,0.0000000429082867,0.9816271662712097,-0.9421193599700928,0.0000000000000000,0.0000000000000000,0.0000000000000000,1.0000000000000000
M 0.9848077297210693,-0.0000000075904021,-0.1736481487751007,0.0750117227435112,0.0000000000000000,1.0000000000000000,-0.0000000437113883,0.0000000000000000,0.1736481487751007,0.0000000430473115,0.9848077297210693,-0.8573877215385437,0.0000000000000000,0.0000000000000000,0.0000000000000000,1.0000000000000000
M 0.9876883625984192,-0.0000000068379680,-0.1564344763755798,0.0607886239886284,0.0000000000000000,1.0000000000000000,-0.0000000437113883,0.0000000000000000,0.1564344763755798,0.0000000431732303,0.9876883625984192,-0.7723952531814575,0.0000000000000000,0.0000000000000000,0.0000000000000000,1.0000000000000000
M 0.9902680516242981,-0.0000000060834489,-0.1391730904579163,0.0480513535439968,0.0000000000000000,1.0000000000000000,-0.0000000437113883,0.0000000000000000,0.1391730904579163,0.0000000432859899,0.9902680516242981,-0.6871671080589294,0.0000000000000000,0.0000000000000000,0.0000000000000000,1.0000000000000000
M 0.9925461411476135,-0.0000000053270792,-0.1218693628907204,0.0368032418191433,0.0000000000000000,1.0000000000000000,-0.0000000437113883,0.0000000000000000,0.1218693628907204,0.0000000433855689,0.9925461411476135,-0.6017299890518188,0.0000000000000000,0.0000000000000000,0.0000000000000000,1.0000000000000000
M 0.9945219159126282,-0.0000000045690842,-0.1045284643769264,0.0270481072366238,0.0000000000000000,1.0000000000000000,-0.0000000437113883,0.0000000000000000,0.1045284643769264,0.0000000434719354,0.9945219159126282,-0.5161092877388000,0.0000000000000000,0.0000000000000000,0.0000000000000000,1.0000000000000000
M 0.9961947202682495,-0.0000000038096974,-0.0871557220816612,0.0187883339822292,0.0000000000000000,1.0000000000000000,-0.0000000437113883,0.0000000000000000,0.0871557220816612,0.0000000435450538,0.9961947202682495,-0.4303313791751862,0.0000000000000000,0.0000000000000000,0.0000000000000000,1.0000000000000000
M 0.9975640773773193,-0.0000000030491532,-0.0697564929723740,0.0120272608473897,0.0000000000000000,1.0000000000000000,-0.0000000437113883,0.0000000000000000,0.0697564929723740,0.0000000436049099,0.9975640773773193,-0.3444226980209351,0.0000000000000000,0.0000000000000000,0.0000000000000000,1.0000000000000000
M 0.9986295104026794,-0.0000000022876774,-0.0523359589278698,0.0067667942494154,0.0000000000000000,1.0000000000000000,-0.0000000437113883,0.0000000000000000,0.0523359589278698,0.0000000436514824,0.9986295104026794,-0.2584087848663330,0.0000000000000000,0.0000000000000000,0.0000000000000000,1.0000000000000000
M 0.9993908405303955,-0.0000000015255072,-0.0348995365202427,0.0030078873969615,0.0000000000000000,1.0000000000000000,-0.0000000437113883,0.0000000000000000,0.0348995365202427,0.0000000436847607,0.9993908405303955,-0.1723164618015289,0.0000000000000000,0.0000000000000000,0.0000000000000000,1.0000000000000000
M 0.9998477101325989,-0.0000000007628672,-0.0174523666501045,0.0007519715582021,0.0000000000000000,1.0000000000000000,-0.0000000437113883,0.0000000000000000,0.0174523666501045,0.0000000437047305,0.9998477101325989,-0.0861710608005524,0.0000000000000000,0.0000000000000000,0.0000000000000000,1.0000000000000000
M 1.0000000000000000,0.0000000000000000,0.0000000000000000,0.0000000000000000,0.0000000000000000,1.0000000000000000,-0.0000000437113883,0.0000000000000000,-0.0000000000000000,0.0000000437113883,1.0000000000000000,-0.0000000000000000,0.0000000000000000,0.0000000000000000,0.0000000000000000,1.0000000000000000
M 0.9998477101325989,0.0000000007628689,0.0174524057656527,0.0007519728387706,0.0000000000000000,1.0000000000000000,-0.0000000437113883,0.0000000000000000,-0.0174524057656527,0.0000000437047305,0.9998477101325989,0.0861712545156479,0.0000000000000000,0.0000000000000000,0.0000000000000000,1.0000000000000000
M 0.9993908405303955,0.0000000015255054,0.0348994955420494,0.0030078901909292,0.0000000000000000,1.0000000000000000,-0.0000000437113883,0.0000000000000000,-0.0348994955420494,0.0000000436847607,0.9993908405303955,0.1723162531852722,0.0000000000000000,0.0000000000000000,0.0000000000000000,1.0000000000000000
M 0.9986295104026794,0.0000000022876774,0.0523359589278698,0.0067667979747057,0.0000000000000000,1.0000000000000000,-0.0000000437113883,0.0000000000000000,-0.0523359589278698,0.0000000436514824,0.9986295104026794,0.2584087848663330,0.0000000000000000,0.0000000000000000,0.0000000000000000,1.0000000000000000
M 0.9975640773773193,0.0000000030491523,0.0697564706206322,0.0120272664353251,0.0000000000000000,1.0000000000000000,-0.0000000437113883,0.0000000000000000,-0.0697564706206322,0.0000000436049099,0.9975640773773193,0.3444225788116455,0.0000000000000000,0.0000000000000000,0.0000000000000000,1.0000000000000000
M 0.9961947202682495,0.0000000038096988,0.0871557444334030,0.0187883414328098,0.0000000000000000,1.0000000000000000,-0.0000000437113883,0.0000000000000000,-0.0871557444334030,0.0000000435450538,0.9961947202682495,0.4303314983844757,0.0000000000000000,0.0000000000000000,0.0000000000000000,1.0000000000000000
M 0.9945219159126282,0.0000000045690842,0.1045284643769264,0.0270481146872044,0.0000000000000000,1.0000000000000000,-0.0000000437113883,0.0000000000000000,-0.1045284643769264,0.0000000434719354,0.9945219159126282,0.5161092877388000,0.0000000000000000,0.0000000000000000,0.0000000000000000,1.0000000000000000
M 0.9925461411476135,0.0000000053270783,0.1218693479895592,0.0368032492697239,0.0000000000000000,1.0000000000000000,-0.0000000437113883,0.0000000000000000,-0.1218693479895592,0.0000000433855689,0.9925461411476135,0.6017299294471741,0.0000000000000000,0.0000000000000000,0.0000000000000000,1.0000000000000000
M 0.9902680516242981,0.0000000060834497,0.1391731053590775,0.0480513609945774,0.0000000000000000,1.0000000000000000,-0.0000000437113883,0.0000000000000000,-0.1391731053590775,0.0000000432859899,0.9902680516242981,0.6871672272682190,0.0000000000000000,0.0000000000000000,0.0000000000000000,1.0000000000000000
M 0.9876883625984192,0.0000000068379680,0.1564344763755798,0.0607886388897896,0.0000000000000000,1.0000000000000000,-0.0000000437113883,0.0000000000000000,-0.1564344763755798,0.0000000431732303,0.9876883625984192,0.7723952531814575,0.0000000000000000,0.0000000000000000,0.0000000000000000,1.0000000000000000
M 0.9848077297210693,0.0000000075904039,0.1736481934785843,0.0750117376446724,0.0000000000000000,1.0000000000000000,-0.0000000437113883,0.0000000000000000,-0.1736481934785843,0.0000000430473115,0.9848077297210693,0.8573879599571228,0.0000000000000000,0.0000000000000000,0.0000000000000000,1.0000000000000000
M 0.9816271662712097,0.0000000083405265,0.1908090114593506,0.0907158926129341,0.0000000000000000,1.0000000000000000,-0.0000000437113883,0.0000000000000000,-0.1908090114593506,0.0000000429082867,0.9816271662712097,0.9421194791793823,0.0000000000000000,0.0000000000000000,0.0000000000000000,1.0000000000000000
M 0.9781476259231567,0.0000000090881089,0.2079117000102997,0.1078963354229927,0.0000000000000000,1.0000000000000000,-0.0000000437113883,0.0000000000000000,-0.2079117000102997,0.0000000427561915,0.9781476259231567,1.0265640020370483,0.0000000000000000,0.0000000000000000,0.0000000000000000,1.0000000000000000
M 0.9743700623512268,0.0000000098329229,0.2249510586261749,0.1265478283166885,0.0000000000000000,1.0000000000000000,-0.0000000437113883,0.0000000000000000,-0.2249510586261749,0.0000000425910684,0.9743700623512268,1.1106958389282227,0.0000000000000000,0.0000000000000000,0.0000000000000000,1.0000000000000000
M 0.9702957272529602,0.0000000105747429,0.2419219166040421,0.1466646343469620,0.0000000000000000,1.0000000000000000,-0.0000000437113883,0.0000000000000000,-0.2419219166040421,0.0000000424129745,0.9702957272529602,1.1944894790649414,0.0000000000000000,0.0000000000000000,0.0000000000000000,1.0000000000000000
M 0.9659258127212524,0.0000000113133396,0.2588190436363220,0.1682415157556534,0.0000000000000000,1.0000000000000000,-0.0000000437113883,0.0000000000000000,-0.2588190436363220,0.0000000422219593,0.9659258127212524,1.2779190540313721,0.0000000000000000,0.0000000000000000,0.0000000000000000,1.0000000000000000
M 0.9612616896629333,0.0000000120484920,0.2756373584270477,0.1912703663110733,0.0000000000000000,1.0000000000000000,-0.0000000437113883,0.0000000000000000,-0.2756373584270477,0.0000000420180832,0.9612616896629333,1.3609594106674194,0.0000000000000000,0.0000000000000000,0.0000000000000000,1.0000000000000000
M 0.9563047289848328,0.0000000127799735,0.2923717200756073,0.2157454639673233,0.0000000000000000,1.0000000000000000,-0.0000000437113883,0.0000000000000000,-0.2923717200756073,0.0000000418014068,0.9563047289848328,1.4435853958129883,0.0000000000000000,0.0000000000000000,0.0000000000000000,1.0000000000000000
M 0.9510565400123596,0.0000000135075622,0.3090170025825500,0.2416582256555557,0.0000000000000000,1.0000000000000000,-0.0000000437113883,0.0000000000000000,-0.3090170025825500,0.0000000415720010,0.9510565400123596,1.5257714986801147,0.0000000000000000,0.0000000000000000,0.0000000000000000,1.0000000000000000
M 0.9455185532569885,0.0000000142310350,0.3255681395530701,0.2690019607543945,0.0000000000000000,1.0000000000000000,-0.0000000437113883,0.0000000000000000,-0.3255681395530701,0.0000000413299297,0.9455185532569885,1.6074926853179932,0.0000000000000000,0.0000000000000000,0.0000000000000000,1.0000000000000000
M 0.9396926164627075,0.0000000149501762,0.3420201539993286,0.2977676391601562,0.0000000000000000,1.0000000000000000,-0.0000000437113883,0.0000000000000000,-0.3420201539993286,0.0000000410752676,0.9396926164627075,1.6887245178222656,0.0000000000000000,0.0000000000000000,0.0000000000000000,1.0000000000000000
M 0.9335803985595703,0.0000000156647602,0.3583679497241974,0.3279466629028320,0.0000000000000000,1.0000000000000000,-0.0000000437113883,0.0000000000000000,-0.3583679497241974,0.0000000408080965,0.9335803985595703,1.7694417238235474,0.0000000000000000,0.0000000000000000,0.0000000000000000,1.0000000000000000
M 0.9271838665008545,0.0000000163745746,0.3746066093444824,0.3595294952392578,0.0000000000000000,1.0000000000000000,-0.0000000437113883,0.0000000000000000,-0.3746066093444824,0.0000000405284943,0.9271838665008545,1.8496201038360596,0.0000000000000000,0.0000000000000000,0.0000000000000000,1.0000000000000000
M 0.9205048680305481,0.0000000170793992,0.3907311260700226,0.3925071060657501,0.0000000000000000,1.0000000000000000,-0.0000000437113883,0.0000000000000000,-0.3907311260700226,0.0000000402365465,0.9205048680305481,1.9292349815368652,0.0000000000000000,0.0000000000000000,0.0000000000000000,1.0000000000000000
M 0.9135454297065735,0.0000000177790227,0.4067366421222687,0.4268694221973419,0.0000000000000000,1.0000000000000000,-0.0000000437113883,0.0000000000000000,-0.4067366421222687,0.0000000399323383,0.9135454297065735,2.0082621574401855,0.0000000000000000,0.0000000000000000,0.0000000000000000,1.0000000000000000
M 0.9063077569007874,0.0000000184732318,0.4226182699203491,0.4626055061817169,0.0000000000000000,1.0000000000000000,-0.0000000437113883,0.0000000000000000,-0.4226182699203491,0.0000000396159692,0.9063077569007874,2.0866777896881104,0.0000000000000000,0.0000000000000000,0.0000000000000000,1.0000000000000000
M 0.8987940549850464,0.0000000191618135,0.4383711814880371,0.4997043907642365,0.0000000000000000,1.0000000000000000,-0.0000000437113883,0.0000000000000000,-0.4383711814880371,0.0000000392875350,0.8987940549850464,2.1644577980041504,0.0000000000000000,0.0000000000000000,0.0000000000000000,1.0000000000000000
M 0.8910065293312073,0.0000000198445562,0.4539905190467834,0.5381550788879395,0.0000000000000000,1.0000000000000000,-0.0000000437113883,0.0000000000000000,-0.4539905190467834,0.0000000389471317,0.8910065293312073,2.2415781021118164,0.0000000000000000,0.0000000000000000,0.0000000000000000,1.0000000000000000
M 0.8829475641250610,0.0000000205212558,0.4694716036319733,0.5779461860656738,0.0000000000000000,1.0000000000000000,-0.0000000437113883,0.0000000000000000,-0.4694716036319733,0.0000000385948624,0.8829475641250610,2.3180160522460938,0.0000000000000000,0.0000000000000000,0.0000000000000000,1.0000000000000000
M 0.8746197223663330,0.0000000211917008,0.4848096072673798,0.6190652847290039,0.0000000000000000,1.0000000000000000,-0.0000000437113883,0.0000000000000000,-0.4848096072673798,0.0000000382308407,0.8746197223663330,2.3937473297119141,0.0000000000000000,0.0000000000000000,0.0000000000000000,1.0000000000000000
M 0.8660253882408142,0.0000000218556941,0.5000000000000000,0.6614995002746582,0.0000000000000000,1.0000000000000000,-0.0000000437113883,0.0000000000000000,-0.5000000000000000,0.0000000378551732,0.8660253882408142,2.4687500000000000,0.0000000000000000,0.0000000000000000,0.0000000000000000,1.0000000000000000
M 0.8571673035621643,0.0000000225130314,0.5150381326675415,0.7052364349365234,0.0000000000000000,1.0000000000000000,-0.0000000437113883,0.0000000000000000,-0.5150381326675415,0.0000000374679736,0.8571673035621643,2.5430006980895996,0.0000000000000000,0.0000000000000000,0.0000000000000000,1.0000000000000000
M 0.8480480909347534,0.0000000231635067,0.5299192667007446,0.7502627372741699,0.0000000000000000,1.0000000000000000,-0.0000000437113883,0.0000000000000000,-0.5299192667007446,0.0000000370693591,0.8480480909347534,2.6164762973785400,0.0000000000000000,0.0000000000000000,0.0000000000000000,1.0000000000000000
M 0.8386705517768860,0.0000000238069298,0.5446390509605408,0.7965641021728516,0.0000000000000000,1.0000000000000000,-0.0000000437113883,0.0000000000000000,-0.5446390509605408,0.0000000366594541,0.8386705517768860,2.6891553401947021,0.0000000000000000,0.0000000000000000,0.0000000000000000,1.0000000000000000
M 0.8290375471115112,0.0000000244431000,0.5591929554939270,0.8441271781921387,0.0000000000000000,1.0000000000000000,-0.0000000437113883,0.0000000000000000,-0.5591929554939270,0.0000000362383830,0.8290375471115112,2.7610151767730713,0.0000000000000000,0.0000000000000000,0.0000000000000000,1.0000000000000000
M 0.8191519975662231,0.0000000250718255,0.5735765099525452,0.8929371833801270,0.0000000000000000,1.0000000000000000,-0.0000000437113883,0.0000000000000000,-0.5735765099525452,0.0000000358062699,0.8191519975662231,2.8320341110229492,0.0000000000000000,0.0000000000000000,0.0000000000000000,1.0000000000000000
M 0.8090170025825500,0.0000000256929091,0.5877852439880371,0.9429786205291748,0.0000000000000000,1.0000000000000000,-0.0000000437113883,0.0000000000000000,-0.5877852439880371,0.0000000353632572,0.8090170025825500,2.9021897315979004,0.0000000000000000,0.0000000000000000,0.0000000000000000,1.0000000000000000
M 0.7986354827880859,0.0000000263061715,0.6018150448799133,0.9942374229431152,0.0000000000000000,1.0000000000000000,-0.0000000437113883,0.0000000000000000,-0.6018150448799133,0.0000000349094655,0.7986354827880859,2.9714617729187012,0.0000000000000000,0.0000000000000000,0.0000000000000000,1.0000000000000000
M 0.7880107760429382,0.0000000269114189,0.6156615018844604,1.0466969013214111,0.0000000000000000,1.0000000000000000,-0.0000000437113883,0.0000000000000000,-0.6156615018844604,0.0000000344450442,0.7880107760429382,3.0398287773132324,0.0000000000000000,0.0000000000000000,0.0000000000000000,1.0000000000000000
M 0.7771459221839905,0.0000000275084684,0.6293203830718994,1.1003420352935791,0.0000000000000000,1.0000000000000000,-0.0000000437113883,0.0000000000000000,-0.6293203830718994,0.0000000339701280,0.7771459221839905,3.1072692871093750,0.0000000000000000,0.0000000000000000,0.0000000000000000,1.0000000000000000
M 0.7660444378852844,0.0000000280971406,0.6427876353263855,1.1551556587219238,0.0000000000000000,1.0000000000000000,-0.0000000437113883,0.0000000000000000,-0.6427876353263855,0.0000000334848664,0.7660444378852844,3.1737639904022217,0.0000000000000000,0.0000000000000000,0.0000000000000000,1.0000000000000000
M 0.7547096014022827,0.0000000286772508,0.6560590267181396,1.2111213207244873,0.0000000000000000,1.0000000000000000,-0.0000000437113883,0.0000000000000000,-0.6560590267181396,0.0000000329894050,0.7547096014022827,3.2392914295196533,0.0000000000000000,0.0000000000000000,0.0000000000000000,1.0000000000000000
M 0.7431448101997375,0.0000000292486284,0.6691306233406067,1.2682225704193115,0.0000000000000000,1.0000000000000000,-0.0000000437113883,0.0000000000000000,-0.6691306233406067,0.0000000324838929,0.7431448101997375,3.3038325309753418,0.0000000000000000,0.0000000000000000,0.0000000000000000,1.0000000000000000
M 0.7313537001609802,0.0000000298110940,0.6819983720779419,1.3264410495758057,0.0000000000000000,1.0000000000000000,-0.0000000437113883,0.0000000000000000,-0.6819983720779419,0.0000000319684865,0.7313537001609802,3.3673670291900635,0.0000000000000000,0.0000000000000000,0.0000000000000000,1.0000000000000000
M 0.7193397283554077,0.0000000303644825,0.6946583986282349,1.3857600688934326,0.0000000000000000,1.0000000000000000,-0.0000000437113883,0.0000000000000000,-0.6946583986282349,0.0000000314433386,0.7193397283554077,3.4298758506774902,0.0000000000000000,0.0000000000000000,0.0000000000000000,1.0000000000000000
M 0.7071067690849304,0.0000000309086197,0.7071067690849304,1.4461603164672852,0.0000000000000000,1.0000000000000000,-0.0000000437113883,0.0000000000000000,-0.7071067690849304,0.0000000309086197,0.7071067690849304,3.4913396835327148,0.0000000000000000,0.0000000000000000,0.0000000000000000,1.0000000000000000
