O wheel_6
A wheel_6
M 1.0000000000000000,0.0000000000000000,0.0000000000000000,0.0000000000002767,0.0000000000000000,1.0000000000000000,-0.0000000437113883,0.0000000000000000,-0.0000000000000000,0.0000000437113883,1.0000000000000000,0.0000000000000284,0.0000000000000000,0.0000000000000000,0.0000000000000000,1.0000000000000000
M 0.7071067094802856,-0.0000000309086197,-0.7071068286895752,-0.8603738546371460,0.0000000000000000,1.0000000000000000,-0.0000000437113883,0.0000000000000000,0.7071068286895752,0.0000000309086161,0.7071067094802856,2.0771265029907227,0.0000000000000000,0.0000000000000000,0.0000000000000000,1.0000000000000000
M 0.7193396687507629,-0.0000000303644896,-0.6946585178375244,-0.8241609334945679,0.0000000000000000,1.0000000000000000,-0.0000000437113883,0.0000000000000000,0.6946585178375244,0.0000000314433350,0.7193396687507629,2.0408191680908203,0.0000000000000000,0.0000000000000000,0.0000000000000000,1.0000000000000000
M 0.7313536405563354,-0.0000000298110940,-0.6819983720779419,-0.7887285947799683,0.0000000000000000,1.0000000000000000,-0.0000000437113883,0.0000000000000000,0.6819983720779419,0.0000000319684830,0.7313536405563354,2.0037572383880615,0.0000000000000000,0.0000000000000000,0.0000000000000000,1.0000000000000000
M 0.7431446909904480,-0.0000000292486320,-0.6691306829452515,-0.7540901899337769,0.0000000000000000,1.0000000000000000,-0.0000000437113883,0.0000000000000000,0.6691306829452515,0.0000000324838858,0.7431446909904480,1.9659560918807983,0.0000000000000000,0.0000000000000000,0.0000000000000000,1.0000000000000000
M 0.7547095417976379,-0.0000000286772508,-0.6560590267181396,-0.7202575802803040,0.0000000000000000,1.0000000000000000,-0.0000000437113883,0.0000000000000000,0.6560590267181396,0.0000000329894014,0.7547095417976379,1.9274282455444336,0.0000000000000000,0.0000000000000000,0.0000000000000000,1.0000000000000000
M 0.7660443782806396,-0.0000000280971424,-0.6427876949310303,-0.6872444748878479,0.0000000000000000,1.0000000000000000,-0.0000000437113883,0.0000000000000000,0.6427876949310303,0.0000000334848629,0.7660443782806396,1.8881890773773193,0.0000000000000000,0.0000000000000000,0.0000000000000000,1.0000000000000000
M 0.7771458625793457,-0.0000000275084719,-0.6293205022811890,-0.6543341279029846,0.0000000000000000,1.0000000000000000,-0.0000000437113883,0.0000000000000000,0.6293205022811890,0.0000000339701245,0.7771458625793457,1.8488634824752808,0.0000000000000000,0.0000000000000000,0.0000000000000000,1.0000000000000000
M 0.7880107164382935,-0.0000000269114189,-0.6156615018844604,-0.6222663521766663,0.0000000000000000,1.0000000000000000,-0.0000000437113883,0.0000000000000000,0.6156615018844604,0.0000000344450442,0.7880107164382935,1.8088548183441162,0.0000000000000000,0.0000000000000000,0.0000000000000000,1.0000000000000000
M 0.7986354231834412,-0.0000000263061732,-0.6018151044845581,-0.5910544991493225,0.0000000000000000,1.0000000000000000,-0.0000000437113883,0.0000000000000000,0.6018151044845581,0.0000000349094620,0.7986354231834412,1.7681783437728882,0.0000000000000000,0.0000000000000000,0.0000000000000000,1.0000000000000000
M 0.8090170025825500,-0.0000000256929091,-0.5877852439880371,-0.5607082843780518,0.0000000000000000,1.0000000000000000,-0.0000000437113883,0.0000000000000000,0.5877852439880371,0.0000000353632572,0.8090170025825500,1.7268484830856323,0.0000000000000000,0.0000000000000000,0.0000000000000000,1.0000000000000000
M 0.8191519975662231,-0.0000000250718255,-0.5735765099525452,-0.5312409400939941,0.0000000000000000,1.0000000000000000,-0.0000000437113883,0.0000000000000000,0.5735765099525452,0.0000000358062699,0.8191519975662231,1.6848812103271484,0.0000000000000000,0.0000000000000000,0.0000000000000000,1.0000000000000000
M 0.8290374279022217,-0.0000000244431089,-0.5591931343078613,-0.5018832683563232,0.0000000000000000,1.0000000000000000,-0.0000000437113883,0.0000000000000000,0.5591931343078613,0.0000000362383759,0.8290374279022217,1.6428371667861938,0.0000000000000000,0.0000000000000000,0.0000000000000000,1.0000000000000000
M 0.8386705517768860,-0.0000000238069315,-0.5446391105651855,-0.4734244346618652,0.0000000000000000,1.0000000000000000,-0.0000000437113883,0.0000000000000000,0.5446391105651855,0.0000000366594541,0.8386705517768860,1.6001856327056885,0.0000000000000000,0.0000000000000000,0.0000000000000000,1.0000000000000000
M 0.8480479717254639,-0.0000000231635138,-0.5299194455146790,-0.4458765685558319,0.0000000000000000,1.0000000000000000,-0.0000000437113883,0.0000000000000000,0.5299194455146790,0.0000000370693556,0.8480479717254639,1.5569437742233276,0.0000000000000000,0.0000000000000000,0.0000000000000000,1.0000000000000000
M 0.8571672439575195,-0.0000000225130314,-0.5150381326675415,-0.4192483127117157,0.0000000000000000,1.0000000000000000,-0.0000000437113883,0.0000000000000000,0.5150381326675415,0.0000000374679701,0.8571672439575195,1.5131262540817261,0.0000000000000000,0.0000000000000000,0.0000000000000000,1.0000000000000000
M 0.8660253286361694,-0.0000000218556995,-0.5000001192092896,-0.3935505747795105,0.0000000000000000,1.0000000000000000,-0.0000000437113883,0.0000000000000000,0.5000001192092896,0.0000000378551697,0.8660253286361694,1.4687503576278687,0.0000000000000000,0.0000000000000000,0.0000000000000000,1.0000000000000000
M 0.8746196031570435,-0.0000000211917115,-0.4848098456859589,-0.3679687380790710,0.0000000000000000,1.0000000000000000,-0.0000000437113883,0.0000000000000000,0.4848098456859589,0.0000000382308372,0.8746196031570435,1.4243077039718628,0.0000000000000000,0.0000000000000000,0.0000000000000000,1.0000000000000000
M 0.8829475045204163,-0.0000000205212576,-0.4694716632366180,-0.3433357775211334,0.0000000000000000,1.0000000000000000,-0.0000000437113883,0.0000000000000000,0.4694716632366180,0.0000000385948624,0.8829475045204163,1.3793382644653320,0.0000000000000000,0.0000000000000000,0.0000000000000000,1.0000000000000000
M 0.8910064697265625,-0.0000000198445615,-0.4539906680583954,-0.3196612894535065,0.0000000000000000,1.0000000000000000,-0.0000000437113883,0.0000000000000000,0.4539906680583954,0.0000000389471282,0.8910064697265625,1.3338598012924194,0.0000000000000000,0.0000000000000000,0.0000000000000000,1.0000000000000000
M 0.8987940549850464,-0.0000000191618135,-0.4383712112903595,-0.2969530820846558,0.0000000000000000,1.0000000000000000,-0.0000000437113883,0.0000000000000000,0.4383712112903595,0.0000000392875350,0.8987940549850464,1.2878882884979248,0.0000000000000000,0.0000000000000000,0.0000000000000000,1.0000000000000000
M 0.9063077569007874,-0.0000000184732372,-0.4226183891296387,-0.2752209901809692,0.0000000000000000,1.0000000000000000,-0.0000000437113883,0.0000000000000000,0.4226183891296387,0.0000000396159692,0.9063077569007874,1.2414416074752808,0.0000000000000000,0.0000000000000000,0.0000000000000000,1.0000000000000000
M 0.9135453701019287,-0.0000000177790334,-0.4067368805408478,-0.2536100149154663,0.0000000000000000,1.0000000000000000,-0.0000000437113883,0.0000000000000000,0.4067368805408478,0.0000000399323348,0.9135453701019287,1.1949384212493896,0.0000000000000000,0.0000000000000000,0.0000000000000000,1.0000000000000000
M 0.9205048084259033,-0.0000000170794046,-0.3907312154769897,-0.2329901158809662,0.0000000000000000,1.0000000000000000,-0.0000000437113883,0.0000000000000000,0.3907312154769897,0.0000000402365430,0.9205048084259033,1.1479929685592651,0.0000000000000000,0.0000000000000000,0.0000000000000000,1.0000000000000000
M 0.9271838068962097,-0.0000000163745835,-0.3746067881584167,-0.2133694440126419,0.0000000000000000,1.0000000000000000,-0.0000000437113883,0.0000000000000000,0.3746067881584167,0.0000000405284908,0.9271838068962097,1.1006244421005249,0.0000000000000000,0.0000000000000000,0.0000000000000000,1.0000000000000000
M 0.9335803985595703,-0.0000000156647637,-0.3583680093288422,-0.1947546601295471,0.0000000000000000,1.0000000000000000,-0.0000000437113883,0.0000000000000000,0.3583680093288422,0.0000000408080965,0.9335803985595703,1.0528486967086792,0.0000000000000000,0.0000000000000000,0.0000000000000000,1.0000000000000000
M 0.9396925568580627,-0.0000000149501815,-0.3420203030109406,-0.1771531552076340,0.0000000000000000,1.0000000000000000,-0.0000000437113883,0.0000000000000000,0.3420203030109406,0.0000000410752676,0.9396925568580627,1.0046846866607666,0.0000000000000000,0.0000000000000000,0.0000000000000000,1.0000000000000000
M 0.9455184936523438,-0.0000000142310475,-0.3255684077739716,-0.1596773117780685,0.0000000000000000,1.0000000000000000,-0.0000000437113883,0.0000000000000000,0.3255684077739716,0.0000000413299261,0.9455184936523438,0.9564749598503113,0.0000000000000000,0.0000000000000000,0.0000000000000000,1.0000000000000000
M 0.9510564804077148,-0.0000000135075657,-0.3090170919895172,-0.1432273685932159,0.0000000000000000,1.0000000000000000,-0.0000000437113883,0.0000000000000000,0.3090170919895172,0.0000000415719974,0.9510564804077148,0.9079110026359558,0.0000000000000000,0.0000000000000000,0.0000000000000000,1.0000000000000000
M 0.9563046693801880,-0.0000000127799815,-0.2923718988895416,-0.1278097778558731,0.0000000000000000,1.0000000000000000,-0.0000000437113883,0.0000000000000000,0.2923718988895416,0.0000000418014032,0.9563046693801880,0.8590127229690552,0.0000000000000000,0.0000000000000000,0.0000000000000000,1.0000000000000000
M 0.9612616300582886,-0.0000000120484955,-0.2756374478340149,-0.1134297773241997,0.0000000000000000,1.0000000000000000,-0.0000000437113883,0.0000000000000000,0.2756374478340149,0.0000000420180797,0.9612616300582886,0.8097962737083435,0.0000000000000000,0.0000000000000000,0.0000000000000000,1.0000000000000000
M 0.9659258127212524,-0.0000000113133485,-0.2588192522525787,-0.1000931113958359,0.0000000000000000,1.0000000000000000,-0.0000000437113883,0.0000000000000000,0.2588192522525787,0.0000000422219593,0.9659258127212524,0.7602815628051758,0.0000000000000000,0.0000000000000000,0.0000000000000000,1.0000000000000000
M 0.9702956676483154,-0.0000000105747535,-0.2419221699237823,-0.0868856608867645,0.0000000000000000,1.0000000000000000,-0.0000000437113883,0.0000000000000000,0.2419221699237823,0.0000000424129709,0.9702956676483154,0.7107321023941040,0.0000000000000000,0.0000000000000000,0.0000000000000000,1.0000000000000000
M 0.9743700623512268,-0.0000000098329291,-0.2249511927366257,-0.0747308284044266,0.0000000000000000,1.0000000000000000,-0.0000000437113883,0.0000000000000000,0.2249511927366257,0.0000000425910684,0.9743700623512268,0.6609193682670593,0.0000000000000000,0.0000000000000000,0.0000000000000000,1.0000000000000000
M 0.9781475663185120,-0.0000000090881187,-0.2079119235277176,-0.0636338591575623,0.0000000000000000,1.0000000000000000,-0.0000000437113883,0.0000000000000000,0.2079119235277176,0.0000000427561879,0.9781475663185120,0.6108633279800415,0.0000000000000000,0.0000000000000000,0.0000000000000000,1.0000000000000000
M 0.9816271662712097,-0.0000000083405300,-0.1908090859651566,-0.0535978525876999,0.0000000000000000,1.0000000000000000,-0.0000000437113883,0.0000000000000000,0.1908090859651566,0.0000000429082867,0.9816271662712097,0.5605808496475220,0.0000000000000000,0.0000000000000000,0.0000000000000000,1.0000000000000000
M 0.9848077297210693,-0.0000000075904119,-0.1736483871936798,-0.0446273386478424,0.0000000000000000,1.0000000000000000,-0.0000000437113883,0.0000000000000000,0.1736483871936798,0.0000000430473115,0.9848077297210693,0.5100921988487244,0.0000000000000000,0.0000000000000000,0.0000000000000000,1.0000000000000000
M 0.9876883029937744,-0.0000000068379813,-0.1564347743988037,-0.0357886701822281,0.0000000000000000,1.0000000000000000,-0.0000000437113883,0.0000000000000000,0.1564347743988037,0.0000000431732268,0.9876883029937744,0.4595802128314972,0.0000000000000000,0.0000000000000000,0.0000000000000000,1.0000000000000000
M 0.9902680516242981,-0.0000000060834568,-0.1391732692718506,-0.0280216913670301,0.0000000000000000,1.0000000000000000,-0.0000000437113883,0.0000000000000000,0.1391732692718506,0.0000000432859899,0.9902680516242981,0.4088976383209229,0.0000000000000000,0.0000000000000000,0.0000000000000000,1.0000000000000000
M 0.9925460815429688,-0.0000000053270894,-0.1218696013092995,-0.0213295072317123,0.0000000000000000,1.0000000000000000,-0.0000000437113883,0.0000000000000000,0.1218696013092995,0.0000000433855689,0.9925460815429688,0.3580649197101593,0.0000000000000000,0.0000000000000000,0.0000000000000000,1.0000000000000000
M 0.9945218563079834,-0.0000000045690896,-0.1045285835862160,-0.0157142579555511,0.0000000000000000,1.0000000000000000,-0.0000000437113883,0.0000000000000000,0.1045285835862160,0.0000000434719318,0.9945218563079834,0.3070991039276123,0.0000000000000000,0.0000000000000000,0.0000000000000000,1.0000000000000000
M 0.9961947202682495,-0.0000000038097085,-0.0871559679508209,-0.0111780902370811,0.0000000000000000,1.0000000000000000,-0.0000000437113883,0.0000000000000000,0.0871559679508209,0.0000000435450538,0.9961947202682495,0.2560207247734070,0.0000000000000000,0.0000000000000000,0.0000000000000000,1.0000000000000000
M 0.9975640773773193,-0.0000000030491560,-0.0697565600275993,-0.0067754383198917,0.0000000000000000,1.0000000000000000,-0.0000000437113883,0.0000000000000000,0.0697565600275993,0.0000000436049099,0.9975640773773193,0.2049297988414764,0.0000000000000000,0.0000000000000000,0.0000000000000000,1.0000000000000000
M 0.9986295700073242,-0.0000000022876852,-0.0523361340165138,-0.0034552065189928,0.0000000000000000,1.0000000000000000,-0.0000000437113883,0.0000000000000000,0.0523361340165138,0.0000000436514860,0.9986295700073242,0.1537640243768692,0.0000000000000000,0.0000000000000000,0.0000000000000000,1.0000000000000000
M 0.9993908405303955,-0.0000000015255072,-0.0348995365202427,-0.0012188254622743,0.0000000000000000,1.0000000000000000,-0.0000000437113883,0.0000000000000000,0.0348995365202427,0.0000000436847607,0.9993908405303955,0.1025406271219254,0.0000000000000000,0.0000000000000000,0.0000000000000000,1.0000000000000000
M 0.9998477101325989,-0.0000000007628750,-0.0174525454640388,-0.0000670104418532,0.0000000000000000,1.0000000000000000,-0.0000000437113883,0.0000000000000000,0.0174525454640388,0.0000000437047305,0.9998477101325989,0.0512802079319954,0.0000000000000000,0.0000000000000000,0.0000000000000000,1.0000000000000000
M 1.0000000000000000,0.0000000000000000,0.0000000000000000,0.0000000000002767,0.0000000000000000,1.0000000000000000,-0.0000000437113883,0.0000000000000000,-0.0000000000000000,0.0000000437113883,1.0000000000000000,0.0000000000000284,0.0000000000000000,0.0000000000000000,0.0000000000000000,1.0000000000000000
M 0.9998477101325989,0.0000000007628750,0.0174525454640388,-0.0000669807996019,0.0000000000000000,1.0000000000000000,-0.0000000437113883,0.0000000000000000,-0.0174525454640388,0.0000000437047305,0.9998477101325989,-0.0512802265584469,0.0000000000000000,0.0000000000000000,0.0000000000000000,1.0000000000000000
M 0.9993908405303955,0.0000000015255074,0.0348995402455330,-0.0012187660904601,0.0000000000000000,1.0000000000000000,-0.0000000437113883,0.0000000000000000,-0.0348995402455330,0.0000000436847607,0.9993908405303955,-0.1025406718254089,0.0000000000000000,0.0000000000000000,0.0000000000000000,1.0000000000000000
M 0.9986295104026794,0.0000000022876852,0.0523361377418041,-0.0034553559962660,0.0000000000000000,1.0000000000000000,-0.0000000437113883,0.0000000000000000,-0.0523361377418041,0.0000000436514824,0.9986295104026794,-0.1537640839815140,0.0000000000000000,0.0000000000000000,0.0000000000000000,1.0000000000000000
M 0.9975640177726746,0.0000000030491558,0.0697565525770187,-0.0067755584605038,0.0000000000000000,1.0000000000000000,-0.0000000437113883,0.0000000000000000,-0.0697565525770187,0.0000000436049064,0.9975640177726746,-0.2049298584461212,0.0000000000000000,0.0000000000000000,0.0000000000000000,1.0000000000000000
M 0.9961946606636047,0.0000000038097081,0.0871559605002403,-0.0111781815066934,0.0000000000000000,1.0000000000000000,-0.0000000437113883,0.0000000000000000,-0.0871559605002403,0.0000000435450502,0.9961946606636047,-0.2560207843780518,0.0000000000000000,0.0000000000000000,0.0000000000000000,1.0000000000000000
M 0.9945218563079834,0.0000000045690998,0.1045288220047951,-0.0157143175601959,0.0000000000000000,1.0000000000000000,-0.0000000437113883,0.0000000000000000,-0.1045288220047951,0.0000000434719318,0.9945218563079834,-0.3071000277996063,0.0000000000000000,0.0000000000000000,0.0000000000000000,1.0000000000000000
M 0.9925461411476135,0.0000000053270899,0.1218696087598801,-0.0213295370340347,0.0000000000000000,1.0000000000000000,-0.0000000437113883,0.0000000000000000,-0.1218696087598801,0.0000000433855689,0.9925461411476135,-0.3580650389194489,0.0000000000000000,0.0000000000000000,0.0000000000000000,1.0000000000000000
M 0.9902680516242981,0.0000000060834666,0.1391734927892685,-0.0280219335108995,0.0000000000000000,1.0000000000000000,-0.0000000437113883,0.0000000000000000,-0.1391734927892685,0.0000000432859899,0.9902680516242981,-0.4088985621929169,0.0000000000000000,0.0000000000000000,0.0000000000000000,1.0000000000000000
M 0.9876883029937744,0.0000000068379804,0.1564347594976425,-0.0357888787984848,0.0000000000000000,1.0000000000000000,-0.0000000437113883,0.0000000000000000,-0.1564347594976425,0.0000000431732268,0.9876883029937744,-0.4595802724361420,0.0000000000000000,0.0000000000000000,0.0000000000000000,1.0000000000000000
M 0.9848076701164246,0.0000000075904216,0.1736486107110977,-0.0446277558803558,0.0000000000000000,1.0000000000000000,-0.0000000437113883,0.0000000000000000,-0.1736486107110977,0.0000000430473115,0.9848076701164246,-0.5100930929183960,0.0000000000000000,0.0000000000000000,0.0000000000000000,1.0000000000000000
M 0.9816270470619202,0.0000000083405514,0.1908095777034760,-0.0535982400178909,0.0000000000000000,1.0000000000000000,-0.0000000437113883,0.0000000000000000,-0.1908095777034760,0.0000000429082796,0.9816270470619202,-0.5605826377868652,0.0000000000000000,0.0000000000000000,0.0000000000000000,1.0000000000000000
M 0.9781475067138672,0.0000000090881294,0.2079121619462967,-0.0636339783668518,0.0000000000000000,1.0000000000000000,-0.0000000437113883,0.0000000000000000,-0.2079121619462967,0.0000000427561844,0.9781475067138672,-0.6108642220497131,0.0000000000000000,0.0000000000000000,0.0000000000000000,1.0000000000000000
M 0.9743698835372925,0.0000000098329496,0.2249516695737839,-0.0747313946485519,0.0000000000000000,1.0000000000000000,-0.0000000437113883,0.0000000000000000,-0.2249516695737839,0.0000000425910613,0.9743698835372925,-0.6609210968017578,0.0000000000000000,0.0000000000000000,0.0000000000000000,1.0000000000000000
M 0.9702956080436707,0.0000000105747642,0.2419224083423615,-0.0868859589099884,0.0000000000000000,1.0000000000000000,-0.0000000437113883,0.0000000000000000,-0.2419224083423615,0.0000000424129674,0.9702956080436707,-0.7107329964637756,0.0000000000000000,0.0000000000000000,0.0000000000000000,1.0000000000000000
M 0.9659256339073181,0.0000000113133671,0.2588196694850922,-0.1000936180353165,0.0000000000000000,1.0000000000000000,-0.0000000437113883,0.0000000000000000,-0.2588196694850922,0.0000000422219522,0.9659256339073181,-0.7602831721305847,0.0000000000000000,0.0000000000000000,0.0000000000000000,1.0000000000000000
M 0.9612615108489990,0.0000000120485240,0.2756381034851074,-0.1134305074810982,0.0000000000000000,1.0000000000000000,-0.0000000437113883,0.0000000000000000,-0.2756381034851074,0.0000000420180761,0.9612615108489990,-0.8097987174987793,0.0000000000000000,0.0000000000000000,0.0000000000000000,1.0000000000000000
M 0.9563045501708984,0.0000000127800037,0.2923724055290222,-0.1278104633092880,0.0000000000000000,1.0000000000000000,-0.0000000437113883,0.0000000000000000,-0.2923724055290222,0.0000000418013997,0.9563045501708984,-0.8590145111083984,0.0000000000000000,0.0000000000000000,0.0000000000000000,1.0000000000000000
M 0.9510563015937805,0.0000000135075977,0.3090178072452545,-0.1432285010814667,0.0000000000000000,1.0000000000000000,-0.0000000437113883,0.0000000000000000,-0.3090178072452545,0.0000000415719903,0.9510563015937805,-0.9079136252403259,0.0000000000000000,0.0000000000000000,0.0000000000000000,1.0000000000000000
M 0.9455183744430542,0.0000000142310670,0.3255688548088074,-0.1596781760454178,0.0000000000000000,1.0000000000000000,-0.0000000437113883,0.0000000000000000,-0.3255688548088074,0.0000000413299190,0.9455183744430542,-0.9564765691757202,0.0000000000000000,0.0000000000000000,0.0000000000000000,1.0000000000000000
M 0.9396923184394836,0.0000000149502117,0.3420209884643555,-0.1771542578935623,0.0000000000000000,1.0000000000000000,-0.0000000437113883,0.0000000000000000,-0.3420209884643555,0.0000000410752570,0.9396923184394836,-1.0046870708465576,0.0000000000000000,0.0000000000000000,0.0000000000000000,1.0000000000000000
M 0.9335800409317017,0.0000000156648028,0.3583689033985138,-0.1947562098503113,0.0000000000000000,1.0000000000000000,-0.0000000437113883,0.0000000000000000,-0.3583689033985138,0.0000000408080787,0.9335800409317017,-1.0528517961502075,0.0000000000000000,0.0000000000000000,0.0000000000000000,1.0000000000000000
M 0.9271835088729858,0.0000000163746119,0.3746074438095093,-0.2133707255125046,0.0000000000000000,1.0000000000000000,-0.0000000437113883,0.0000000000000000,-0.3746074438095093,0.0000000405284801,0.9271835088729858,-1.1006269454956055,0.0000000000000000,0.0000000000000000,0.0000000000000000,1.0000000000000000
M 0.9205044507980347,0.0000000170794436,0.3907321095466614,-0.2329916059970856,0.0000000000000000,1.0000000000000000,-0.0000000437113883,0.0000000000000000,-0.3907321095466614,0.0000000402365288,0.9205044507980347,-1.1479961872100830,0.0000000000000000,0.0000000000000000,0.0000000000000000,1.0000000000000000
M 0.9135450720787048,0.0000000177790618,0.4067375361919403,-0.2536112070083618,0.0000000000000000,1.0000000000000000,-0.0000000437113883,0.0000000000000000,-0.4067375361919403,0.0000000399323241,0.9135450720787048,-1.1949408054351807,0.0000000000000000,0.0000000000000000,0.0000000000000000,1.0000000000000000
M 0.9063072800636292,0.0000000184732745,0.4226192533969879,-0.2752228975296021,0.0000000000000000,1.0000000000000000,-0.0000000437113883,0.0000000000000000,-0.4226192533969879,0.0000000396159479,0.9063072800636292,-1.2414445877075195,0.0000000000000000,0.0000000000000000,0.0000000000000000,1.0000000000000000
M 0.8987934589385986,0.0000000191618597,0.4383722543716431,-0.2969554662704468,0.0000000000000000,1.0000000000000000,-0.0000000437113883,0.0000000000000000,-0.4383722543716431,0.0000000392875101,0.8987934589385986,-1.2878919839859009,0.0000000000000000,0.0000000000000000,0.0000000000000000,1.0000000000000000
M 0.8910059928894043,0.0000000198445989,0.4539915025234222,-0.3196631371974945,0.0000000000000000,1.0000000000000000,-0.0000000437113883,0.0000000000000000,-0.4539915025234222,0.0000000389471104,0.8910059928894043,-1.3338629007339478,0.0000000000000000,0.0000000000000000,0.0000000000000000,1.0000000000000000
M 0.8829470276832581,0.0000000205213020,0.4694726765155792,-0.3433381021022797,0.0000000000000000,1.0000000000000000,-0.0000000437113883,0.0000000000000000,-0.4694726765155792,0.0000000385948411,0.8829470276832581,-1.3793418407440186,0.0000000000000000,0.0000000000000000,0.0000000000000000,1.0000000000000000
M 0.8746191263198853,0.0000000211917470,0.4848106503486633,-0.3679710030555725,0.0000000000000000,1.0000000000000000,-0.0000000437113883,0.0000000000000000,-0.4848106503486633,0.0000000382308158,0.8746191263198853,-1.4243106842041016,0.0000000000000000,0.0000000000000000,0.0000000000000000,1.0000000000000000
M 0.8660247325897217,0.0000000218557439,0.5000011324882507,-0.3935530781745911,0.0000000000000000,1.0000000000000000,-0.0000000437113883,0.0000000000000000,-0.5000011324882507,0.0000000378551448,0.8660247325897217,-1.4687540531158447,0.0000000000000000,0.0000000000000000,0.0000000000000000,1.0000000000000000
M 0.8571665287017822,0.0000000225130847,0.5150393247604370,-0.4192512333393097,0.0000000000000000,1.0000000000000000,-0.0000000437113883,0.0000000000000000,-0.5150393247604370,0.0000000374679381,0.8571665287017822,-1.5131304264068604,0.0000000000000000,0.0000000000000000,0.0000000000000000,1.0000000000000000
M 0.8480473756790161,0.0000000231635564,0.5299203991889954,-0.4458790123462677,0.0000000000000000,1.0000000000000000,-0.0000000437113883,0.0000000000000000,-0.5299203991889954,0.0000000370693272,0.8480473756790161,-1.5569473505020142,0.0000000000000000,0.0000000000000000,0.0000000000000000,1.0000000000000000
M 0.8386697769165039,0.0000000238069831,0.5446403026580811,-0.4734272956848145,0.0000000000000000,1.0000000000000000,-0.0000000437113883,0.0000000000000000,-0.5446403026580811,0.0000000366594186,0.8386697769165039,-1.6001899242401123,0.0000000000000000,0.0000000000000000,0.0000000000000000,1.0000000000000000
M 0.8290367722511292,0.0000000244431480,0.5591940283775330,-0.5018858909606934,0.0000000000000000,1.0000000000000000,-0.0000000437113883,0.0000000000000000,-0.5591940283775330,0.0000000362383474,0.8290367722511292,-1.6428405046463013,0.0000000000000000,0.0000000000000000,0.0000000000000000,1.0000000000000000
M 0.8191511631011963,0.0000000250718806,0.5735777616500854,-0.5312442779541016,0.0000000000000000,1.0000000000000000,-0.0000000437113883,0.0000000000000000,-0.5735777616500854,0.0000000358062344,0.8191511631011963,-1.6848853826522827,0.0000000000000000,0.0000000000000000,0.0000000000000000,1.0000000000000000
M 0.8090159893035889,0.0000000256929695,0.5877866148948669,-0.5607120990753174,0.0000000000000000,1.0000000000000000,-0.0000000437113883,0.0000000000000000,-0.5877866148948669,0.0000000353632110,0.8090159893035889,-1.7268527746200562,0.0000000000000000,0.0000000000000000,0.0000000000000000,1.0000000000000000
M 0.7986345291137695,0.0000000263062265,0.6018162965774536,-0.5910577178001404,0.0000000000000000,1.0000000000000000,-0.0000000437113883,0.0000000000000000,-0.6018162965774536,0.0000000349094229,0.7986345291137695,-1.7681823968887329,0.0000000000000000,0.0000000000000000,0.0000000000000000,1.0000000000000000
M 0.7880096435546875,0.0000000269114793,0.6156628727912903,-0.6222705245018005,0.0000000000000000,1.0000000000000000,-0.0000000437113883,0.0000000000000000,-0.6156628727912903,0.0000000344449944,0.7880096435546875,-1.8088592290878296,0.0000000000000000,0.0000000000000000,0.0000000000000000,1.0000000000000000
M 0.7771449089050293,0.0000000275085252,0.6293216943740845,-0.6543378233909607,0.0000000000000000,1.0000000000000000,-0.0000000437113883,0.0000000000000000,-0.6293216943740845,0.0000000339700819,0.7771449089050293,-1.8488674163818359,0.0000000000000000,0.0000000000000000,0.0000000000000000,1.0000000000000000
M 0.7660433650016785,0.0000000280971975,0.6427889466285706,-0.6872486472129822,0.0000000000000000,1.0000000000000000,-0.0000000437113883,0.0000000000000000,-0.6427889466285706,0.0000000334848202,0.7660433650016785,-1.8881932497024536,0.0000000000000000,0.0000000000000000,0.0000000000000000,1.0000000000000000
M 0.7547086477279663,0.0000000286772970,0.6560600996017456,-0.7202615141868591,0.0000000000000000,1.0000000000000000,-0.0000000437113883,0.0000000000000000,-0.6560600996017456,0.0000000329893624,0.7547086477279663,-1.9274318218231201,0.0000000000000000,0.0000000000000000,0.0000000000000000,1.0000000000000000
M 0.7431440949440002,0.0000000292486622,0.6691313982009888,-0.7540928125381470,0.0000000000000000,1.0000000000000000,-0.0000000437113883,0.0000000000000000,-0.6691313982009888,0.0000000324838609,0.7431440949440002,-1.9659583568572998,0.0000000000000000,0.0000000000000000,0.0000000000000000,1.0000000000000000
M 0.7313532233238220,0.0000000298111189,0.6819989085197449,-0.7887307405471802,0.0000000000000000,1.0000000000000000,-0.0000000437113883,0.0000000000000000,-0.6819989085197449,0.0000000319684652,0.7313532233238220,-2.0037591457366943,0.0000000000000000,0.0000000000000000,0.0000000000000000,1.0000000000000000
M 0.7193395495414734,0.0000000303644967,0.6946586966514587,-0.8241618871688843,0.0000000000000000,1.0000000000000000,-0.0000000437113883,0.0000000000000000,-0.6946586966514587,0.0000000314433315,0.7193395495414734,-2.0408196449279785,0.0000000000000000,0.0000000000000000,0.0000000000000000,1.0000000000000000
M 0.7071067094802856,0.0000000309086197,0.7071068286895752,-0.8603743314743042,0.0000000000000000,1.0000000000000000,-0.0000000437113883,0.0000000000000000,-0.7071068286895752,0.0000000309086161,0.7071067094802856,-2.0771262645721436,0.0000000000000000,0.0000000000000000,0.0000000000000000,1.0000000000000000
O wheel_5
A wheel_5
M 1.0000000000000000,0.0000000000000000,0.0000000000000000,0.0000000000002283,0.0000000000000000,1.0000000000000000,-0.0000000437113883,0.0000000000000000,-0.0000000000000000,0.0000000437113883,1.0000000000000000,-0.0000000000000000,0.0000000000000000,0.0000000000000000,0.0000000000000000,1.0000000000000000
M 0.7071067094802856,-0.0000000309086197,-0.7071068286895752,-0.8603737354278564,0.0000000000000000,1.0000000000000000,-0.0000000437113883,0.0000000000000000,0.7071068286895752,0.0000000309086161,0.7071067094802856,2.0771262645721436,0.0000000000000000,0.0000000000000000,0.0000000000000000,1.0000000000000000
M 0.7193396687507629,-0.0000000303644896,-0.6946585178375244,-0.8244395256042480,0.0000000000000000,1.0000000000000000,-0.0000000437113883,0.0000000000000000,0.6946585178375244,0.0000000314433350,0.7193396687507629,2.0405595302581787,0.0000000000000000,0.0000000000000000,0.0000000000000000,1.0000000000000000
M 0.7313536405563354,-0.0000000298110940,-0.6819983720779419,-0.7891485691070557,0.0000000000000000,1.0000000000000000,-0.0000000437113883,0.0000000000000000,0.6819983720779419,0.0000000319684830,0.7313536405563354,2.0033702850341797,0.0000000000000000,0.0000000000000000,0.0000000000000000,1.0000000000000000
M 0.7431446909904480,-0.0000000292486320,-0.6691306829452515,-0.7545123100280762,0.0000000000000000,1.0000000000000000,-0.0000000437113883,0.0000000000000000,0.6691306829452515,0.0000000324838858,0.7431446909904480,1.9655715227127075,0.0000000000000000,0.0000000000000000,0.0000000000000000,1.0000000000000000
M 0.7547095417976379,-0.0000000286772508,-0.6560590267181396,-0.7205405235290527,0.0000000000000000,1.0000000000000000,-0.0000000437113883,0.0000000000000000,0.6560590267181396,0.0000000329894014,0.7547095417976379,1.9271734952926636,0.0000000000000000,0.0000000000000000,0.0000000000000000,1.0000000000000000
M 0.7660443782806396,-0.0000000280971424,-0.6427876949310303,-0.6872444152832031,0.0000000000000000,1.0000000000000000,-0.0000000437113883,0.0000000000000000,0.6427876949310303,0.0000000334848629,0.7660443782806396,1.8881889581680298,0.0000000000000000,0.0000000000000000,0.0000000000000000,1.0000000000000000
M 0.7771458625793457,-0.0000000275084719,-0.6293205022811890,-0.6546339392662048,0.0000000000000000,1.0000000000000000,-0.0000000437113883,0.0000000000000000,0.6293205022811890,0.0000000339701245,0.7771458625793457,1.8486291170120239,0.0000000000000000,0.0000000000000000,0.0000000000000000,1.0000000000000000
M 0.7880107164382935,-0.0000000269114189,-0.6156615018844604,-0.6227185130119324,0.0000000000000000,1.0000000000000000,-0.0000000437113883,0.0000000000000000,0.6156615018844604,0.0000000344450442,0.7880107164382935,1.8085057735443115,0.0000000000000000,0.0000000000000000,0.0000000000000000,1.0000000000000000
M 0.7986354231834412,-0.0000000263061732,-0.6018151044845581,-0.5915083289146423,0.0000000000000000,1.0000000000000000,-0.0000000437113883,0.0000000000000000,0.6018151044845581,0.0000000349094620,0.7986354231834412,1.7678320407867432,0.0000000000000000,0.0000000000000000,0.0000000000000000,1.0000000000000000
M 0.8090170025825500,-0.0000000256929091,-0.5877852439880371,-0.5610124468803406,0.0000000000000000,1.0000000000000000,-0.0000000437113883,0.0000000000000000,0.5877852439880371,0.0000000353632572,0.8090170025825500,1.7266192436218262,0.0000000000000000,0.0000000000000000,0.0000000000000000,1.0000000000000000
M 0.8191519975662231,-0.0000000250718255,-0.5735765099525452,-0.5312408804893494,0.0000000000000000,1.0000000000000000,-0.0000000437113883,0.0000000000000000,0.5735765099525452,0.0000000358062699,0.8191519975662231,1.6848810911178589,0.0000000000000000,0.0000000000000000,0.0000000000000000,1.0000000000000000
M 0.8290374279022217,-0.0000000244431089,-0.5591931343078613,-0.5022024512290955,0.0000000000000000,1.0000000000000000,-0.0000000437113883,0.0000000000000000,0.5591931343078613,0.0000000362383759,0.8290374279022217,1.6426297426223755,0.0000000000000000,0.0000000000000000,0.0000000000000000,1.0000000000000000
M 0.8386705517768860,-0.0000000238069315,-0.5446391105651855,-0.4739049971103668,0.0000000000000000,1.0000000000000000,-0.0000000437113883,0.0000000000000000,0.5446391105651855,0.0000000366594541,0.8386705517768860,1.5998773574829102,0.0000000000000000,0.0000000000000000,0.0000000000000000,1.0000000000000000
M 0.8480479717254639,-0.0000000231635138,-0.5299194455146790,-0.4463587999343872,0.0000000000000000,1.0000000000000000,-0.0000000437113883,0.0000000000000000,0.5299194455146790,0.0000000370693556,0.8480479717254639,1.5566383600234985,0.0000000000000000,0.0000000000000000,0.0000000000000000,1.0000000000000000
M 0.8571672439575195,-0.0000000225130314,-0.5150381326675415,-0.4195710420608521,0.0000000000000000,1.0000000000000000,-0.0000000437113883,0.0000000000000000,0.5150381326675415,0.0000000374679701,0.8571672439575195,1.5129244327545166,0.0000000000000000,0.0000000000000000,0.0000000000000000,1.0000000000000000
M 0.8660253286361694,-0.0000000218556995,-0.5000001192092896,-0.3935505151748657,0.0000000000000000,1.0000000000000000,-0.0000000437113883,0.0000000000000000,0.5000001192092896,0.0000000378551697,0.8660253286361694,1.4687503576278687,0.0000000000000000,0.0000000000000000,0.0000000000000000,1.0000000000000000
M 0.8746196031570435,-0.0000000211917115,-0.4848098456859589,-0.3683048188686371,0.0000000000000000,1.0000000000000000,-0.0000000437113883,0.0000000000000000,0.4848098456859589,0.0000000382308372,0.8746196031570435,1.4241288900375366,0.0000000000000000,0.0000000000000000,0.0000000000000000,1.0000000000000000
M 0.8829475045204163,-0.0000000205212576,-0.4694716632366180,-0.3438414037227631,0.0000000000000000,1.0000000000000000,-0.0000000437113883,0.0000000000000000,0.4694716632366180,0.0000000385948624,0.8829475045204163,1.3790730237960815,0.0000000000000000,0.0000000000000000,0.0000000000000000,1.0000000000000000
M 0.8910064697265625,-0.0000000198445615,-0.4539906680583954,-0.3201685845851898,0.0000000000000000,1.0000000000000000,-0.0000000437113883,0.0000000000000000,0.4539906680583954,0.0000000389471282,0.8910064697265625,1.3335975408554077,0.0000000000000000,0.0000000000000000,0.0000000000000000,1.0000000000000000
M 0.8987940549850464,-0.0000000191618135,-0.4383712112903595,-0.2972925305366516,0.0000000000000000,1.0000000000000000,-0.0000000437113883,0.0000000000000000,0.4383712112903595,0.0000000392875350,0.8987940549850464,1.2877154350280762,0.0000000000000000,0.0000000000000000,0.0000000000000000,1.0000000000000000
M 0.9063077569007874,-0.0000000184732372,-0.4226183891296387,-0.2752209305763245,0.0000000000000000,1.0000000000000000,-0.0000000437113883,0.0000000000000000,0.4226183891296387,0.0000000396159692,0.9063077569007874,1.2414414882659912,0.0000000000000000,0.0000000000000000,0.0000000000000000,1.0000000000000000
M 0.9135453701019287,-0.0000000177790334,-0.4067368805408478,-0.2539604306221008,0.0000000000000000,1.0000000000000000,-0.0000000437113883,0.0000000000000000,0.4067368805408478,0.0000000399323348,0.9135453701019287,1.1947896480560303,0.0000000000000000,0.0000000000000000,0.0000000000000000,1.0000000000000000
M 0.9205048084259033,-0.0000000170794046,-0.3907312154769897,-0.2335169613361359,0.0000000000000000,1.0000000000000000,-0.0000000437113883,0.0000000000000000,0.3907312154769897,0.0000000402365430,0.9205048084259033,1.1477730274200439,0.0000000000000000,0.0000000000000000,0.0000000000000000,1.0000000000000000
M 0.9271838068962097,-0.0000000163745835,-0.3746067881584167,-0.2138974964618683,0.0000000000000000,1.0000000000000000,-0.0000000437113883,0.0000000000000000,0.3746067881584167,0.0000000405284908,0.9271838068962097,1.1004074811935425,0.0000000000000000,0.0000000000000000,0.0000000000000000,1.0000000000000000
M 0.9335803985595703,-0.0000000156647637,-0.3583680093288422,-0.1951074749231339,0.0000000000000000,1.0000000000000000,-0.0000000437113883,0.0000000000000000,0.3583680093288422,0.0000000408080965,0.9335803985595703,1.0527061223983765,0.0000000000000000,0.0000000000000000,0.0000000000000000,1.0000000000000000
M 0.9396925568580627,-0.0000000149501815,-0.3420203030109406,-0.1771531105041504,0.0000000000000000,1.0000000000000000,-0.0000000437113883,0.0000000000000000,0.3420203030109406,0.0000000410752676,0.9396925568580627,1.0046846866607666,0.0000000000000000,0.0000000000000000,0.0000000000000000,1.0000000000000000
M 0.9455184936523438,-0.0000000142310475,-0.3255684077739716,-0.1600394099950790,0.0000000000000000,1.0000000000000000,-0.0000000437113883,0.0000000000000000,0.3255684077739716,0.0000000413299261,0.9455184936523438,0.9563572406768799,0.0000000000000000,0.0000000000000000,0.0000000000000000,1.0000000000000000
M 0.9510564804077148,-0.0000000135075657,-0.3090170919895172,-0.1437713950872421,0.0000000000000000,1.0000000000000000,-0.0000000437113883,0.0000000000000000,0.3090170919895172,0.0000000415719974,0.9510564804077148,0.9077377319335938,0.0000000000000000,0.0000000000000000,0.0000000000000000,1.0000000000000000
M 0.9563046693801880,-0.0000000127799815,-0.2923718988895416,-0.1283549964427948,0.0000000000000000,1.0000000000000000,-0.0000000437113883,0.0000000000000000,0.2923718988895416,0.0000000418014032,0.9563046693801880,0.8588425517082214,0.0000000000000000,0.0000000000000000,0.0000000000000000,1.0000000000000000
M 0.9612616300582886,-0.0000000120484955,-0.2756374478340149,-0.1137938052415848,0.0000000000000000,1.0000000000000000,-0.0000000437113883,0.0000000000000000,0.2756374478340149,0.0000000420180797,0.9612616300582886,0.8096849918365479,0.0000000000000000,0.0000000000000000,0.0000000000000000,1.0000000000000000
M 0.9659258127212524,-0.0000000113133485,-0.2588192522525787,-0.1000928282737732,0.0000000000000000,1.0000000000000000,-0.0000000437113883,0.0000000000000000,0.2588192522525787,0.0000000422219593,0.9659258127212524,0.7602815628051758,0.0000000000000000,0.0000000000000000,0.0000000000000000,1.0000000000000000
M 0.9702956676483154,-0.0000000105747535,-0.2419221699237823,-0.0872563645243645,0.0000000000000000,1.0000000000000000,-0.0000000437113883,0.0000000000000000,0.2419221699237823,0.0000000424129709,0.9702956676483154,0.7106463909149170,0.0000000000000000,0.0000000000000000,0.0000000000000000,1.0000000000000000
M 0.9743700623512268,-0.0000000098329291,-0.2249511927366257,-0.0752879753708839,0.0000000000000000,1.0000000000000000,-0.0000000437113883,0.0000000000000000,0.2249511927366257,0.0000000425910684,0.9743700623512268,0.6607941389083862,0.0000000000000000,0.0000000000000000,0.0000000000000000,1.0000000000000000
M 0.9781475663185120,-0.0000000090881187,-0.2079119235277176,-0.0641914904117584,0.0000000000000000,1.0000000000000000,-0.0000000437113883,0.0000000000000000,0.2079119235277176,0.0000000427561879,0.9781475663185120,0.6107413172721863,0.0000000000000000,0.0000000000000000,0.0000000000000000,1.0000000000000000
M 0.9816271662712097,-0.0000000083405300,-0.1908090859651566,-0.0539702326059341,0.0000000000000000,1.0000000000000000,-0.0000000437113883,0.0000000000000000,0.1908090859651566,0.0000000429082867,0.9816271662712097,0.5605016946792603,0.0000000000000000,0.0000000000000000,0.0000000000000000,1.0000000000000000
