O wheel_3
A wheel_3
M 1.0000000000000000,0.0000000000000000,0.0000000000000000,0.0000000000000000,0.0000000000000000,1.0000000000000000,-0.0000000437113883,0.0000000000000000,-0.0000000000000000,0.0000000437113883,1.0000000000000000,-0.0000000000000000,0.0000000000000000,0.0000000000000000,0.0000000000000000,1.0000000000000000
M 0.7071067690849304,-0.0000000309086197,-0.7071067690849304,0.8603738546371460,0.0000000000000000,1.0000000000000000,-0.0000000437113883,0.0000000000000000,0.7071067690849304,0.0000000309086197,0.7071067690849304,-2.0771260261535645,0.0000000000000000,0.0000000000000000,0.0000000000000000,1.0000000000000000
M 0.7193397879600525,-0.0000000303644825,-0.6946583986282349,0.8247178792953491,0.0000000000000000,1.0000000000000000,-0.0000000437113883,0.0000000000000000,0.6946583986282349,0.0000000314433422,0.7193397879600525,-2.0402994155883789,0.0000000000000000,0.0000000000000000,0.0000000000000000,1.0000000000000000
M 0.7313537001609802,-0.0000000298110940,-0.6819983720779419,0.7895683050155640,0.0000000000000000,1.0000000000000000,-0.0000000437113883,0.0000000000000000,0.6819983720779419,0.0000000319684865,0.7313537001609802,-2.0029830932617188,0.0000000000000000,0.0000000000000000,0.0000000000000000,1.0000000000000000
M 0.7431448101997375,-0.0000000292486284,-0.6691306233406067,0.7549341917037964,0.0000000000000000,1.0000000000000000,-0.0000000437113883,0.0000000000000000,0.6691306233406067,0.0000000324838929,0.7431448101997375,-1.9651865959167480,0.0000000000000000,0.0000000000000000,0.0000000000000000,1.0000000000000000
M 0.7547095417976379,-0.0000000286772543,-0.6560590863227844,0.7208234071731567,0.0000000000000000,1.0000000000000000,-0.0000000437113883,0.0000000000000000,0.6560590863227844,0.0000000329894014,0.7547095417976379,-1.9269188642501831,0.0000000000000000,0.0000000000000000,0.0000000000000000,1.0000000000000000
M 0.7660444378852844,-0.0000000280971406,-0.6427876353263855,0.6872442960739136,0.0000000000000000,1.0000000000000000,-0.0000000437113883,0.0000000000000000,0.6427876353263855,0.0000000334848664,0.7660444378852844,-1.8881886005401611,0.0000000000000000,0.0000000000000000,0.0000000000000000,1.0000000000000000
M 0.7771459221839905,-0.0000000275084684,-0.6293203830718994,0.6549336910247803,0.0000000000000000,1.0000000000000000,-0.0000000437113883,0.0000000000000000,0.6293203830718994,0.0000000339701280,0.7771459221839905,-1.8483942747116089,0.0000000000000000,0.0000000000000000,0.0000000000000000,1.0000000000000000
M 0.7880107760429382,-0.0000000269114189,-0.6156615018844604,0.6231703758239746,0.0000000000000000,1.0000000000000000,-0.0000000437113883,0.0000000000000000,0.6156615018844604,0.0000000344450442,0.7880107760429382,-1.8081567287445068,0.0000000000000000,0.0000000000000000,0.0000000000000000,1.0000000000000000
M 0.7986354827880859,-0.0000000263061715,-0.6018150448799133,0.5919622182846069,0.0000000000000000,1.0000000000000000,-0.0000000437113883,0.0000000000000000,0.6018150448799133,0.0000000349094655,0.7986354827880859,-1.7674853801727295,0.0000000000000000,0.0000000000000000,0.0000000000000000,1.0000000000000000
M 0.8090170025825500,-0.0000000256929091,-0.5877852439880371,0.5613166093826294,0.0000000000000000,1.0000000000000000,-0.0000000437113883,0.0000000000000000,0.5877852439880371,0.0000000353632572,0.8090170025825500,-1.7263901233673096,0.0000000000000000,0.0000000000000000,0.0000000000000000,1.0000000000000000
M 0.8191520571708679,-0.0000000250718237,-0.5735764503479004,0.5312408208847046,0.0000000000000000,1.0000000000000000,-0.0000000437113883,0.0000000000000000,0.5735764503479004,0.0000000358062735,0.8191520571708679,-1.6848808526992798,0.0000000000000000,0.0000000000000000,0.0000000000000000,1.0000000000000000
M 0.8290376067161560,-0.0000000244430982,-0.5591928958892822,0.5025213956832886,0.0000000000000000,1.0000000000000000,-0.0000000437113883,0.0000000000000000,0.5591928958892822,0.0000000362383830,0.8290376067161560,-1.6424218416213989,0.0000000000000000,0.0000000000000000,0.0000000000000000,1.0000000000000000
M 0.8386705517768860,-0.0000000238069298,-0.5446390509605408,0.4743859767913818,0.0000000000000000,1.0000000000000000,-0.0000000437113883,0.0000000000000000,0.5446390509605408,0.0000000366594541,0.8386705517768860,-1.5995690822601318,0.0000000000000000,0.0000000000000000,0.0000000000000000,1.0000000000000000
M 0.8480480909347534,-0.0000000231635067,-0.5299192667007446,0.4468411207199097,0.0000000000000000,1.0000000000000000,-0.0000000437113883,0.0000000000000000,0.5299192667007446,0.0000000370693591,0.8480480909347534,-1.5563325881958008,0.0000000000000000,0.0000000000000000,0.0000000000000000,1.0000000000000000
M 0.8571673035621643,-0.0000000225130314,-0.5150381326675415,0.4198937416076660,0.0000000000000000,1.0000000000000000,-0.0000000437113883,0.0000000000000000,0.5150381326675415,0.0000000374679736,0.8571673035621643,-1.5127228498458862,0.0000000000000000,0.0000000000000000,0.0000000000000000,1.0000000000000000
M 0.8660253882408142,-0.0000000218556941,-0.5000000000000000,0.3935503959655762,0.0000000000000000,1.0000000000000000,-0.0000000437113883,0.0000000000000000,0.5000000000000000,0.0000000378551732,0.8660253882408142,-1.4687500000000000,0.0000000000000000,0.0000000000000000,0.0000000000000000,1.0000000000000000
M 0.8746197223663330,-0.0000000211917008,-0.4848096072673798,0.3686404228210449,0.0000000000000000,1.0000000000000000,-0.0000000437113883,0.0000000000000000,0.4848096072673798,0.0000000382308407,0.8746197223663330,-1.4239495992660522,0.0000000000000000,0.0000000000000000,0.0000000000000000,1.0000000000000000
M 0.8829475641250610,-0.0000000205212558,-0.4694716036319733,0.3443472385406494,0.0000000000000000,1.0000000000000000,-0.0000000437113883,0.0000000000000000,0.4694716036319733,0.0000000385948624,0.8829475641250610,-1.3788076639175415,0.0000000000000000,0.0000000000000000,0.0000000000000000,1.0000000000000000
M 0.8910065293312073,-0.0000000198445562,-0.4539905190467834,0.3206753730773926,0.0000000000000000,1.0000000000000000,-0.0000000437113883,0.0000000000000000,0.4539905190467834,0.0000000389471317,0.8910065293312073,-1.3333350419998169,0.0000000000000000,0.0000000000000000,0.0000000000000000,1.0000000000000000
M 0.8987940549850464,-0.0000000191618135,-0.4383711814880371,0.2976317405700684,0.0000000000000000,1.0000000000000000,-0.0000000437113883,0.0000000000000000,0.4383711814880371,0.0000000392875350,0.8987940549850464,-1.2875425815582275,0.0000000000000000,0.0000000000000000,0.0000000000000000,1.0000000000000000
M 0.9063077569007874,-0.0000000184732318,-0.4226182997226715,0.2752208709716797,0.0000000000000000,1.0000000000000000,-0.0000000437113883,0.0000000000000000,0.4226182997226715,0.0000000396159692,0.9063077569007874,-1.2414412498474121,0.0000000000000000,0.0000000000000000,0.0000000000000000,1.0000000000000000
M 0.9135454297065735,-0.0000000177790245,-0.4067366719245911,0.2543106079101562,0.0000000000000000,1.0000000000000000,-0.0000000437113883,0.0000000000000000,0.4067366719245911,0.0000000399323383,0.9135454297065735,-1.1946402788162231,0.0000000000000000,0.0000000000000000,0.0000000000000000,1.0000000000000000
M 0.9205048084259033,-0.0000000170794028,-0.3907311856746674,0.2340440750122070,0.0000000000000000,1.0000000000000000,-0.0000000437113883,0.0000000000000000,0.3907311856746674,0.0000000402365430,0.9205048084259033,-1.1475528478622437,0.0000000000000000,0.0000000000000000,0.0000000000000000,1.0000000000000000
M 0.9271838665008545,-0.0000000163745746,-0.3746066093444824,0.2144255638122559,0.0000000000000000,1.0000000000000000,-0.0000000437113883,0.0000000000000000,0.3746066093444824,0.0000000405284943,0.9271838665008545,-1.1001900434494019,0.0000000000000000,0.0000000000000000,0.0000000000000000,1.0000000000000000
M 0.9335803985595703,-0.0000000156647619,-0.3583679795265198,0.1954605579376221,0.0000000000000000,1.0000000000000000,-0.0000000437113883,0.0000000000000000,0.3583679795265198,0.0000000408080965,0.9335803985595703,-1.0525634288787842,0.0000000000000000,0.0000000000000000,0.0000000000000000,1.0000000000000000
M 0.9396926164627075,-0.0000000149501762,-0.3420201838016510,0.1771528720855713,0.0000000000000000,1.0000000000000000,-0.0000000437113883,0.0000000000000000,0.3420201838016510,0.0000000410752676,0.9396926164627075,-1.0046843290328979,0.0000000000000000,0.0000000000000000,0.0000000000000000,1.0000000000000000
M 0.9455185532569885,-0.0000000142310377,-0.3255681991577148,0.1604011058807373,0.0000000000000000,1.0000000000000000,-0.0000000437113883,0.0000000000000000,0.3255681991577148,0.0000000413299297,0.9455185532569885,-0.9562389850616455,0.0000000000000000,0.0000000000000000,0.0000000000000000,1.0000000000000000
M 0.9510564804077148,-0.0000000135075631,-0.3090170323848724,0.1443154811859131,0.0000000000000000,1.0000000000000000,-0.0000000437113883,0.0000000000000000,0.3090170323848724,0.0000000415719974,0.9510564804077148,-0.9075642824172974,0.0000000000000000,0.0000000000000000,0.0000000000000000,1.0000000000000000
M 0.9563047289848328,-0.0000000127799753,-0.2923717498779297,0.1289000511169434,0.0000000000000000,1.0000000000000000,-0.0000000437113883,0.0000000000000000,0.2923717498779297,0.0000000418014068,0.9563047289848328,-0.8586719036102295,0.0000000000000000,0.0000000000000000,0.0000000000000000,1.0000000000000000
M 0.9612616896629333,-0.0000000120484929,-0.2756373882293701,0.1141579151153564,0.0000000000000000,1.0000000000000000,-0.0000000437113883,0.0000000000000000,0.2756373882293701,0.0000000420180832,0.9612616896629333,-0.8095735907554626,0.0000000000000000,0.0000000000000000,0.0000000000000000,1.0000000000000000
M 0.9659258127212524,-0.0000000113133414,-0.2588190734386444,0.1000928878784180,0.0000000000000000,1.0000000000000000,-0.0000000437113883,0.0000000000000000,0.2588190734386444,0.0000000422219593,0.9659258127212524,-0.7602810859680176,0.0000000000000000,0.0000000000000000,0.0000000000000000,1.0000000000000000
M 0.9702957272529602,-0.0000000105747437,-0.2419219315052032,0.0876269340515137,0.0000000000000000,1.0000000000000000,-0.0000000437113883,0.0000000000000000,0.2419219315052032,0.0000000424129745,0.9702957272529602,-0.7105601429939270,0.0000000000000000,0.0000000000000000,0.0000000000000000,1.0000000000000000
M 0.9743700623512268,-0.0000000098329247,-0.2249510884284973,0.0758450031280518,0.0000000000000000,1.0000000000000000,-0.0000000437113883,0.0000000000000000,0.2249510884284973,0.0000000425910684,0.9743700623512268,-0.6606687307357788,0.0000000000000000,0.0000000000000000,0.0000000000000000,1.0000000000000000
M 0.9781475663185120,-0.0000000090881107,-0.2079117298126221,0.0647492408752441,0.0000000000000000,1.0000000000000000,-0.0000000437113883,0.0000000000000000,0.2079117298126221,0.0000000427561879,0.9781475663185120,-0.6106187701225281,0.0000000000000000,0.0000000000000000,0.0000000000000000,1.0000000000000000
M 0.9816271662712097,-0.0000000083405283,-0.1908090412616730,0.0543425083160400,0.0000000000000000,1.0000000000000000,-0.0000000437113883,0.0000000000000000,0.1908090412616730,0.0000000429082867,0.9816271662712097,-0.5604224801063538,0.0000000000000000,0.0000000000000000,0.0000000000000000,1.0000000000000000
M 0.9848077297210693,-0.0000000075904047,-0.1736482232809067,0.0446271896362305,0.0000000000000000,1.0000000000000000,-0.0000000437113883,0.0000000000000000,0.1736482232809067,0.0000000430473115,0.9848077297210693,-0.5100917220115662,0.0000000000000000,0.0000000000000000,0.0000000000000000,1.0000000000000000
M 0.9876883625984192,-0.0000000068379693,-0.1564345061779022,0.0365424156188965,0.0000000000000000,1.0000000000000000,-0.0000000437113883,0.0000000000000000,0.1564345061779022,0.0000000431732303,0.9876883625984192,-0.4594734609127045,0.0000000000000000,0.0000000000000000,0.0000000000000000,1.0000000000000000
M 0.9902680516242981,-0.0000000060834515,-0.1391731500625610,0.0291533470153809,0.0000000000000000,1.0000000000000000,-0.0000000437113883,0.0000000000000000,0.1391731500625610,0.0000000432859899,0.9902680516242981,-0.4087449908256531,0.0000000000000000,0.0000000000000000,0.0000000000000000,1.0000000000000000
M 0.9925461411476135,-0.0000000053270806,-0.1218693926930428,0.0224618911743164,0.0000000000000000,1.0000000000000000,-0.0000000437113883,0.0000000000000000,0.1218693926930428,0.0000000433855689,0.9925461411476135,-0.3579185307025909,0.0000000000000000,0.0000000000000000,0.0000000000000000,1.0000000000000000
M 0.9945219159126282,-0.0000000045690864,-0.1045285165309906,0.0164697170257568,0.0000000000000000,1.0000000000000000,-0.0000000437113883,0.0000000000000000,0.1045285165309906,0.0000000434719354,0.9945219159126282,-0.3070061802864075,0.0000000000000000,0.0000000000000000,0.0000000000000000,1.0000000000000000
M 0.9961947202682495,-0.0000000038097010,-0.0871557965874672,0.0111780166625977,0.0000000000000000,1.0000000000000000,-0.0000000437113883,0.0000000000000000,0.0871557965874672,0.0000000435450538,0.9961947202682495,-0.2560202181339264,0.0000000000000000,0.0000000000000000,0.0000000000000000,1.0000000000000000
M 0.9975640177726746,-0.0000000030491540,-0.0697565153241158,0.0075356960296631,0.0000000000000000,1.0000000000000000,-0.0000000437113883,0.0000000000000000,0.0697565153241158,0.0000000436049064,0.9975640177726746,-0.2048898935317993,0.0000000000000000,0.0000000000000000,0.0000000000000000,1.0000000000000000
M 0.9986295104026794,-0.0000000022876789,-0.0523359924554825,0.0045962333679199,0.0000000000000000,1.0000000000000000,-0.0000000437113883,0.0000000000000000,0.0523359924554825,0.0000000436514824,0.9986295104026794,-0.1537104398012161,0.0000000000000000,0.0000000000000000,0.0000000000000000,1.0000000000000000
M 0.9993908405303955,-0.0000000015255062,-0.0348995141685009,0.0023598670959473,0.0000000000000000,1.0000000000000000,-0.0000000437113883,0.0000000000000000,0.0348995141685009,0.0000000436847607,0.9993908405303955,-0.1024941056966782,0.0000000000000000,0.0000000000000000,0.0000000000000000,1.0000000000000000
M 0.9998477101325989,-0.0000000007628694,-0.0174524188041687,0.0008277893066406,0.0000000000000000,1.0000000000000000,-0.0000000437113883,0.0000000000000000,0.0174524188041687,0.0000000437047305,0.9998477101325989,-0.0512532033026218,0.0000000000000000,0.0000000000000000,0.0000000000000000,1.0000000000000000
M 1.0000000000000000,0.0000000000000000,0.0000000000000000,0.0000000000000000,0.0000000000000000,1.0000000000000000,-0.0000000437113883,0.0000000000000000,-0.0000000000000000,0.0000000437113883,1.0000000000000000,-0.0000000000000000,0.0000000000000000,0.0000000000000000,0.0000000000000000,1.0000000000000000
M 0.9998477101325989,0.0000000007628688,0.0174524039030075,0.0008277893066406,0.0000000000000000,1.0000000000000000,-0.0000000437113883,0.0000000000000000,-0.0174524039030075,0.0000000437047305,0.9998477101325989,0.0512531511485577,0.0000000000000000,0.0000000000000000,0.0000000000000000,1.0000000000000000
M 0.9993908405303955,0.0000000015255053,0.0348994918167591,0.0023598670959473,0.0000000000000000,1.0000000000000000,-0.0000000437113883,0.0000000000000000,-0.0348994918167591,0.0000000436847607,0.9993908405303955,0.1024940088391304,0.0000000000000000,0.0000000000000000,0.0000000000000000,1.0000000000000000
M 0.9986295104026794,0.0000000022876772,0.0523359514772892,0.0045962333679199,0.0000000000000000,1.0000000000000000,-0.0000000437113883,0.0000000000000000,-0.0523359514772892,0.0000000436514824,0.9986295104026794,0.1537102907896042,0.0000000000000000,0.0000000000000000,0.0000000000000000,1.0000000000000000
M 0.9975640773773193,0.0000000030491518,0.0697564631700516,0.0075356960296631,0.0000000000000000,1.0000000000000000,-0.0000000437113883,0.0000000000000000,-0.0697564631700516,0.0000000436049099,0.9975640773773193,0.2048896849155426,0.0000000000000000,0.0000000000000000,0.0000000000000000,1.0000000000000000
M 0.9961947202682495,0.0000000038096979,0.0871557295322418,0.0111780166625977,0.0000000000000000,1.0000000000000000,-0.0000000437113883,0.0000000000000000,-0.0871557295322418,0.0000000435450538,0.9961947202682495,0.2560199499130249,0.0000000000000000,0.0000000000000000,0.0000000000000000,1.0000000000000000
M 0.9945219159126282,0.0000000045690838,0.1045284494757652,0.0164697170257568,0.0000000000000000,1.0000000000000000,-0.0000000437113883,0.0000000000000000,-0.1045284494757652,0.0000000434719354,0.9945219159126282,0.3070059120655060,0.0000000000000000,0.0000000000000000,0.0000000000000000,1.0000000000000000
M 0.9925461411476135,0.0000000053270774,0.1218693256378174,0.0224618911743164,0.0000000000000000,1.0000000000000000,-0.0000000437113883,0.0000000000000000,-0.1218693256378174,0.0000000433855689,0.9925461411476135,0.3579182624816895,0.0000000000000000,0.0000000000000000,0.0000000000000000,1.0000000000000000
M 0.9902680516242981,0.0000000060834484,0.1391730755567551,0.0291533470153809,0.0000000000000000,1.0000000000000000,-0.0000000437113883,0.0000000000000000,-0.1391730755567551,0.0000000432859899,0.9902680516242981,0.4087447226047516,0.0000000000000000,0.0000000000000000,0.0000000000000000,1.0000000000000000
M 0.9876883625984192,0.0000000068379666,0.1564344465732574,0.0365424156188965,0.0000000000000000,1.0000000000000000,-0.0000000437113883,0.0000000000000000,-0.1564344465732574,0.0000000431732303,0.9876883625984192,0.4594731926918030,0.0000000000000000,0.0000000000000000,0.0000000000000000,1.0000000000000000
M 0.9848077297210693,0.0000000075904021,0.1736481487751007,0.0446271896362305,0.0000000000000000,1.0000000000000000,-0.0000000437113883,0.0000000000000000,-0.1736481487751007,0.0000000430473115,0.9848077297210693,0.5100914835929871,0.0000000000000000,0.0000000000000000,0.0000000000000000,1.0000000000000000
M 0.9816271662712097,0.0000000083405247,0.1908089667558670,0.0543425083160400,0.0000000000000000,1.0000000000000000,-0.0000000437113883,0.0000000000000000,-0.1908089667558670,0.0000000429082867,0.9816271662712097,0.5604221820831299,0.0000000000000000,0.0000000000000000,0.0000000000000000,1.0000000000000000
M 0.9781476259231567,0.0000000090881080,0.2079116702079773,0.0647490024566650,0.0000000000000000,1.0000000000000000,-0.0000000437113883,0.0000000000000000,-0.2079116702079773,0.0000000427561915,0.9781476259231567,0.6106185913085938,0.0000000000000000,0.0000000000000000,0.0000000000000000,1.0000000000000000
M 0.9743700623512268,0.0000000098329220,0.2249510288238525,0.0758450031280518,0.0000000000000000,1.0000000000000000,-0.0000000437113883,0.0000000000000000,-0.2249510288238525,0.0000000425910684,0.9743700623512268,0.6606684327125549,0.0000000000000000,0.0000000000000000,0.0000000000000000,1.0000000000000000
M 0.9702957272529602,0.0000000105747411,0.2419218719005585,0.0876269340515137,0.0000000000000000,1.0000000000000000,-0.0000000437113883,0.0000000000000000,-0.2419218719005585,0.0000000424129745,0.9702957272529602,0.7105598449707031,0.0000000000000000,0.0000000000000000,0.0000000000000000,1.0000000000000000
M 0.9659258127212524,0.0000000113133387,0.2588190138339996,0.1000928878784180,0.0000000000000000,1.0000000000000000,-0.0000000437113883,0.0000000000000000,-0.2588190138339996,0.0000000422219593,0.9659258127212524,0.7602808475494385,0.0000000000000000,0.0000000000000000,0.0000000000000000,1.0000000000000000
M 0.9612616896629333,0.0000000120484902,0.2756373286247253,0.1141579151153564,0.0000000000000000,1.0000000000000000,-0.0000000437113883,0.0000000000000000,-0.2756373286247253,0.0000000420180832,0.9612616896629333,0.8095733523368835,0.0000000000000000,0.0000000000000000,0.0000000000000000,1.0000000000000000
M 0.9563047885894775,0.0000000127799709,0.2923716604709625,0.1288998126983643,0.0000000000000000,1.0000000000000000,-0.0000000437113883,0.0000000000000000,-0.2923716604709625,0.0000000418014103,0.9563047885894775,0.8586716651916504,0.0000000000000000,0.0000000000000000,0.0000000000000000,1.0000000000000000
M 0.9510565400123596,0.0000000135075595,0.3090169429779053,0.1443154811859131,0.0000000000000000,1.0000000000000000,-0.0000000437113883,0.0000000000000000,-0.3090169429779053,0.0000000415720010,0.9510565400123596,0.9075640439987183,0.0000000000000000,0.0000000000000000,0.0000000000000000,1.0000000000000000
M 0.9455186128616333,0.0000000142310341,0.3255681097507477,0.1604011058807373,0.0000000000000000,1.0000000000000000,-0.0000000437113883,0.0000000000000000,-0.3255681097507477,0.0000000413299297,0.9455186128616333,0.9562387466430664,0.0000000000000000,0.0000000000000000,0.0000000000000000,1.0000000000000000
M 0.9396926164627075,0.0000000149501727,0.3420200645923615,0.1771528720855713,0.0000000000000000,1.0000000000000000,-0.0000000437113883,0.0000000000000000,-0.3420200645923615,0.0000000410752676,0.9396926164627075,1.0046839714050293,0.0000000000000000,0.0000000000000000,0.0000000000000000,1.0000000000000000
M 0.9335804581642151,0.0000000156647584,0.3583678901195526,0.1954603195190430,0.0000000000000000,1.0000000000000000,-0.0000000437113883,0.0000000000000000,-0.3583678901195526,0.0000000408080965,0.9335804581642151,1.0525630712509155,0.0000000000000000,0.0000000000000000,0.0000000000000000,1.0000000000000000
M 0.9271838665008545,0.0000000163745728,0.3746065497398376,0.2144255638122559,0.0000000000000000,1.0000000000000000,-0.0000000437113883,0.0000000000000000,-0.3746065497398376,0.0000000405284943,0.9271838665008545,1.1001898050308228,0.0000000000000000,0.0000000000000000,0.0000000000000000,1.0000000000000000
M 0.9205048680305481,0.0000000170793975,0.3907310664653778,0.2340438365936279,0.0000000000000000,1.0000000000000000,-0.0000000437113883,0.0000000000000000,-0.3907310664653778,0.0000000402365465,0.9205048680305481,1.1475524902343750,0.0000000000000000,0.0000000000000000,0.0000000000000000,1.0000000000000000
M 0.9135454893112183,0.0000000177790227,0.4067366123199463,0.2543106079101562,0.0000000000000000,1.0000000000000000,-0.0000000437113883,0.0000000000000000,-0.4067366123199463,0.0000000399323419,0.9135454893112183,1.1946400403976440,0.0000000000000000,0.0000000000000000,0.0000000000000000,1.0000000000000000
M 0.9063078165054321,0.0000000184732283,0.4226182103157043,0.2752206325531006,0.0000000000000000,1.0000000000000000,-0.0000000437113883,0.0000000000000000,-0.4226182103157043,0.0000000396159727,0.9063078165054321,1.2414410114288330,0.0000000000000000,0.0000000000000000,0.0000000000000000,1.0000000000000000
M 0.8987940549850464,0.0000000191618081,0.4383710920810699,0.2976317405700684,0.0000000000000000,1.0000000000000000,-0.0000000437113883,0.0000000000000000,-0.4383710920810699,0.0000000392875350,0.8987940549850464,1.2875423431396484,0.0000000000000000,0.0000000000000000,0.0000000000000000,1.0000000000000000
M 0.8910065293312073,0.0000000198445527,0.4539904594421387,0.3206753730773926,0.0000000000000000,1.0000000000000000,-0.0000000437113883,0.0000000000000000,-0.4539904594421387,0.0000000389471317,0.8910065293312073,1.3333348035812378,0.0000000000000000,0.0000000000000000,0.0000000000000000,1.0000000000000000
M 0.8829476237297058,0.0000000205212523,0.4694715142250061,0.3443470001220703,0.0000000000000000,1.0000000000000000,-0.0000000437113883,0.0000000000000000,-0.4694715142250061,0.0000000385948660,0.8829476237297058,1.3788074254989624,0.0000000000000000,0.0000000000000000,0.0000000000000000,1.0000000000000000
M 0.8746197223663330,0.0000000211916991,0.4848095774650574,0.3686404228210449,0.0000000000000000,1.0000000000000000,-0.0000000437113883,0.0000000000000000,-0.4848095774650574,0.0000000382308407,0.8746197223663330,1.4239494800567627,0.0000000000000000,0.0000000000000000,0.0000000000000000,1.0000000000000000
M 0.8660254478454590,0.0000000218556924,0.4999999701976776,0.3935501575469971,0.0000000000000000,1.0000000000000000,-0.0000000437113883,0.0000000000000000,-0.4999999701976776,0.0000000378551732,0.8660254478454590,1.4687498807907104,0.0000000000000000,0.0000000000000000,0.0000000000000000,1.0000000000000000
M 0.8571673035621643,0.0000000225130297,0.5150380730628967,0.4198937416076660,0.0000000000000000,1.0000000000000000,-0.0000000437113883,0.0000000000000000,-0.5150380730628967,0.0000000374679736,0.8571673035621643,1.5127226114273071,0.0000000000000000,0.0000000000000000,0.0000000000000000,1.0000000000000000
M 0.8480481505393982,0.0000000231635049,0.5299192070960999,0.4468410015106201,0.0000000000000000,1.0000000000000000,-0.0000000437113883,0.0000000000000000,-0.5299192070960999,0.0000000370693627,0.8480481505393982,1.5563322305679321,0.0000000000000000,0.0000000000000000,0.0000000000000000,1.0000000000000000
M 0.8386706113815308,0.0000000238069262,0.5446389913558960,0.4743858575820923,0.0000000000000000,1.0000000000000000,-0.0000000437113883,0.0000000000000000,-0.5446389913558960,0.0000000366594577,0.8386706113815308,1.5995688438415527,0.0000000000000000,0.0000000000000000,0.0000000000000000,1.0000000000000000
M 0.8290376067161560,0.0000000244430947,0.5591928362846375,0.5025213956832886,0.0000000000000000,1.0000000000000000,-0.0000000437113883,0.0000000000000000,-0.5591928362846375,0.0000000362383830,0.8290376067161560,1.6424216032028198,0.0000000000000000,0.0000000000000000,0.0000000000000000,1.0000000000000000
M 0.8191520571708679,0.0000000250718202,0.5735763907432556,0.5312408208847046,0.0000000000000000,1.0000000000000000,-0.0000000437113883,0.0000000000000000,-0.5735763907432556,0.0000000358062735,0.8191520571708679,1.6848807334899902,0.0000000000000000,0.0000000000000000,0.0000000000000000,1.0000000000000000
M 0.8090170025825500,0.0000000256929091,0.5877852439880371,0.5613166093826294,0.0000000000000000,1.0000000000000000,-0.0000000437113883,0.0000000000000000,-0.5877852439880371,0.0000000353632572,0.8090170025825500,1.7263901233673096,0.0000000000000000,0.0000000000000000,0.0000000000000000,1.0000000000000000
M 0.7986355423927307,0.0000000263061679,0.6018149852752686,0.5919620990753174,0.0000000000000000,1.0000000000000000,-0.0000000437113883,0.0000000000000000,-0.6018149852752686,0.0000000349094691,0.7986355423927307,1.7674852609634399,0.0000000000000000,0.0000000000000000,0.0000000000000000,1.0000000000000000
M 0.7880107760429382,0.0000000269114171,0.6156614422798157,0.6231703758239746,0.0000000000000000,1.0000000000000000,-0.0000000437113883,0.0000000000000000,-0.6156614422798157,0.0000000344450442,0.7880107760429382,1.8081566095352173,0.0000000000000000,0.0000000000000000,0.0000000000000000,1.0000000000000000
M 0.7771460413932800,0.0000000275084648,0.6293203234672546,0.6549333333969116,0.0000000000000000,1.0000000000000000,-0.0000000437113883,0.0000000000000000,-0.6293203234672546,0.0000000339701316,0.7771460413932800,1.8483940362930298,0.0000000000000000,0.0000000000000000,0.0000000000000000,1.0000000000000000
M 0.7660444974899292,0.0000000280971371,0.6427875757217407,0.6872441768646240,0.0000000000000000,1.0000000000000000,-0.0000000437113883,0.0000000000000000,-0.6427875757217407,0.0000000334848700,0.7660444974899292,1.8881886005401611,0.0000000000000000,0.0000000000000000,0.0000000000000000,1.0000000000000000
M 0.7547096014022827,0.0000000286772490,0.6560589671134949,0.7208232879638672,0.0000000000000000,1.0000000000000000,-0.0000000437113883,0.0000000000000000,-0.6560589671134949,0.0000000329894050,0.7547096014022827,1.9269185066223145,0.0000000000000000,0.0000000000000000,0.0000000000000000,1.0000000000000000
M 0.7431448698043823,0.0000000292486266,0.6691305637359619,0.7549340724945068,0.0000000000000000,1.0000000000000000,-0.0000000437113883,0.0000000000000000,-0.6691305637359619,0.0000000324838929,0.7431448698043823,1.9651865959167480,0.0000000000000000,0.0000000000000000,0.0000000000000000,1.0000000000000000
M 0.7313537001609802,0.0000000298110940,0.6819983720779419,0.7895683050155640,0.0000000000000000,1.0000000000000000,-0.0000000437113883,0.0000000000000000,-0.6819983720779419,0.0000000319684865,0.7313537001609802,2.0029830932617188,0.0000000000000000,0.0000000000000000,0.0000000000000000,1.0000000000000000
M 0.7193397283554077,0.0000000303644825,0.6946583986282349,0.8247179985046387,0.0000000000000000,1.0000000000000000,-0.0000000437113883,0.0000000000000000,-0.6946583986282349,0.0000000314433386,0.7193397283554077,2.0402994155883789,0.0000000000000000,0.0000000000000000,0.0000000000000000,1.0000000000000000
M 0.7071067094802856,0.0000000309086197,0.7071068286895752,0.8603739738464355,0.0000000000000000,1.0000000000000000,-0.0000000437113883,0.0000000000000000,-0.7071068286895752,0.0000000309086161,0.7071067094802856,2.0771262645721436,0.0000000000000000,0.0000000000000000,0.0000000000000000,1.0000000000000000
O wheel_2
A wheel_2
M 1.0000000000000000,0.0000000000000000,0.0000000000000000,0.0000000000000000,0.0000000000000000,1.0000000000000000,-0.0000000437113883,0.0000000000000000,-0.0000000000000000,0.0000000437113883,1.0000000000000000,-0.0000000000000000,0.0000000000000000,0.0000000000000000,0.0000000000000000,1.0000000000000000
M 0.7071067690849304,-0.0000000309086197,-0.7071067690849304,0.8603739738464355,0.0000000000000000,1.0000000000000000,-0.0000000437113883,0.0000000000000000,0.7071067690849304,0.0000000309086197,0.7071067690849304,-2.0771260261535645,0.0000000000000000,0.0000000000000000,0.0000000000000000,1.0000000000000000
M 0.7193397879600525,-0.0000000303644825,-0.6946583986282349,0.8244392871856689,0.0000000000000000,1.0000000000000000,-0.0000000437113883,0.0000000000000000,0.6946583986282349,0.0000000314433422,0.7193397879600525,-2.0405590534210205,0.0000000000000000,0.0000000000000000,0.0000000000000000,1.0000000000000000
M 0.7313537001609802,-0.0000000298110940,-0.6819983720779419,0.7891485691070557,0.0000000000000000,1.0000000000000000,-0.0000000437113883,0.0000000000000000,0.6819983720779419,0.0000000319684865,0.7313537001609802,-2.0033702850341797,0.0000000000000000,0.0000000000000000,0.0000000000000000,1.0000000000000000
M 0.7431448101997375,-0.0000000292486284,-0.6691306233406067,0.7545120716094971,0.0000000000000000,1.0000000000000000,-0.0000000437113883,0.0000000000000000,0.6691306233406067,0.0000000324838929,0.7431448101997375,-1.9655711650848389,0.0000000000000000,0.0000000000000000,0.0000000000000000,1.0000000000000000
M 0.7547095417976379,-0.0000000286772543,-0.6560590863227844,0.7205407619476318,0.0000000000000000,1.0000000000000000,-0.0000000437113883,0.0000000000000000,0.6560590863227844,0.0000000329894014,0.7547095417976379,-1.9271736145019531,0.0000000000000000,0.0000000000000000,0.0000000000000000,1.0000000000000000
M 0.7660444378852844,-0.0000000280971406,-0.6427876353263855,0.6872444152832031,0.0000000000000000,1.0000000000000000,-0.0000000437113883,0.0000000000000000,0.6427876353263855,0.0000000334848664,0.7660444378852844,-1.8881887197494507,0.0000000000000000,0.0000000000000000,0.0000000000000000,1.0000000000000000
M 0.7771459221839905,-0.0000000275084684,-0.6293203830718994,0.6546337604522705,0.0000000000000000,1.0000000000000000,-0.0000000437113883,0.0000000000000000,0.6293203830718994,0.0000000339701280,0.7771459221839905,-1.8486286401748657,0.0000000000000000,0.0000000000000000,0.0000000000000000,1.0000000000000000
M 0.7880107760429382,-0.0000000269114189,-0.6156615018844604,0.6227183341979980,0.0000000000000000,1.0000000000000000,-0.0000000437113883,0.0000000000000000,0.6156615018844604,0.0000000344450442,0.7880107760429382,-1.8085056543350220,0.0000000000000000,0.0000000000000000,0.0000000000000000,1.0000000000000000
M 0.7986354827880859,-0.0000000263061715,-0.6018150448799133,0.5915083885192871,0.0000000000000000,1.0000000000000000,-0.0000000437113883,0.0000000000000000,0.6018150448799133,0.0000000349094655,0.7986354827880859,-1.7678316831588745,0.0000000000000000,0.0000000000000000,0.0000000000000000,1.0000000000000000
M 0.8090170025825500,-0.0000000256929091,-0.5877852439880371,0.5610125064849854,0.0000000000000000,1.0000000000000000,-0.0000000437113883,0.0000000000000000,0.5877852439880371,0.0000000353632572,0.8090170025825500,-1.7266191244125366,0.0000000000000000,0.0000000000000000,0.0000000000000000,1.0000000000000000
M 0.8191520571708679,-0.0000000250718237,-0.5735764503479004,0.5312409400939941,0.0000000000000000,1.0000000000000000,-0.0000000437113883,0.0000000000000000,0.5735764503479004,0.0000000358062735,0.8191520571708679,-1.6848808526992798,0.0000000000000000,0.0000000000000000,0.0000000000000000,1.0000000000000000
M 0.8290376067161560,-0.0000000244430982,-0.5591928958892822,0.5022020339965820,0.0000000000000000,1.0000000000000000,-0.0000000437113883,0.0000000000000000,0.5591928958892822,0.0000000362383830,0.8290376067161560,-1.6426291465759277,0.0000000000000000,0.0000000000000000,0.0000000000000000,1.0000000000000000
M 0.8386705517768860,-0.0000000238069298,-0.5446390509605408,0.4739053249359131,0.0000000000000000,1.0000000000000000,-0.0000000437113883,0.0000000000000000,0.5446390509605408,0.0000000366594541,0.8386705517768860,-1.5998772382736206,0.0000000000000000,0.0000000000000000,0.0000000000000000,1.0000000000000000
M 0.8480480909347534,-0.0000000231635067,-0.5299192667007446,0.4463586807250977,0.0000000000000000,1.0000000000000000,-0.0000000437113883,0.0000000000000000,0.5299192667007446,0.0000000370693591,0.8480480909347534,-1.5566378831863403,0.0000000000000000,0.0000000000000000,0.0000000000000000,1.0000000000000000
M 0.8571673035621643,-0.0000000225130314,-0.5150381326675415,0.4195711612701416,0.0000000000000000,1.0000000000000000,-0.0000000437113883,0.0000000000000000,0.5150381326675415,0.0000000374679736,0.8571673035621643,-1.5129245519638062,0.0000000000000000,0.0000000000000000,0.0000000000000000,1.0000000000000000
M 0.8660253882408142,-0.0000000218556941,-0.5000000000000000,0.3935503959655762,0.0000000000000000,1.0000000000000000,-0.0000000437113883,0.0000000000000000,0.5000000000000000,0.0000000378551732,0.8660253882408142,-1.4687500000000000,0.0000000000000000,0.0000000000000000,0.0000000000000000,1.0000000000000000
M 0.8746197223663330,-0.0000000211917008,-0.4848096072673798,0.3683044910430908,0.0000000000000000,1.0000000000000000,-0.0000000437113883,0.0000000000000000,0.4848096072673798,0.0000000382308407,0.8746197223663330,-1.4241281747817993,0.0000000000000000,0.0000000000000000,0.0000000000000000,1.0000000000000000
M 0.8829475641250610,-0.0000000205212558,-0.4694716036319733,0.3438415527343750,0.0000000000000000,1.0000000000000000,-0.0000000437113883,0.0000000000000000,0.4694716036319733,0.0000000385948624,0.8829475641250610,-1.3790727853775024,0.0000000000000000,0.0000000000000000,0.0000000000000000,1.0000000000000000
M 0.8910065293312073,-0.0000000198445562,-0.4539905190467834,0.3201682567596436,0.0000000000000000,1.0000000000000000,-0.0000000437113883,0.0000000000000000,0.4539905190467834,0.0000000389471317,0.8910065293312073,-1.3335971832275391,0.0000000000000000,0.0000000000000000,0.0000000000000000,1.0000000000000000
M 0.8987940549850464,-0.0000000191618135,-0.4383711814880371,0.2972924709320068,0.0000000000000000,1.0000000000000000,-0.0000000437113883,0.0000000000000000,0.4383711814880371,0.0000000392875350,0.8987940549850464,-1.2877153158187866,0.0000000000000000,0.0000000000000000,0.0000000000000000,1.0000000000000000
M 0.9063077569007874,-0.0000000184732318,-0.4226182997226715,0.2752208709716797,0.0000000000000000,1.0000000000000000,-0.0000000437113883,0.0000000000000000,0.4226182997226715,0.0000000396159692,0.9063077569007874,-1.2414412498474121,0.0000000000000000,0.0000000000000000,0.0000000000000000,1.0000000000000000
M 0.9135454297065735,-0.0000000177790245,-0.4067366719245911,0.2539603710174561,0.0000000000000000,1.0000000000000000,-0.0000000437113883,0.0000000000000000,0.4067366719245911,0.0000000399323383,0.9135454297065735,-1.1947889328002930,0.0000000000000000,0.0000000000000000,0.0000000000000000,1.0000000000000000
M 0.9205048084259033,-0.0000000170794028,-0.3907311856746674,0.2335171699523926,0.0000000000000000,1.0000000000000000,-0.0000000437113883,0.0000000000000000,0.3907311856746674,0.0000000402365430,0.9205048084259033,-1.1477729082107544,0.0000000000000000,0.0000000000000000,0.0000000000000000,1.0000000000000000
M 0.9271838665008545,-0.0000000163745746,-0.3746066093444824,0.2138974666595459,0.0000000000000000,1.0000000000000000,-0.0000000437113883,0.0000000000000000,0.3746066093444824,0.0000000405284943,0.9271838665008545,-1.1004068851470947,0.0000000000000000,0.0000000000000000,0.0000000000000000,1.0000000000000000
M 0.9335803985595703,-0.0000000156647619,-0.3583679795265198,0.1951074600219727,0.0000000000000000,1.0000000000000000,-0.0000000437113883,0.0000000000000000,0.3583679795265198,0.0000000408080965,0.9335803985595703,-1.0527058839797974,0.0000000000000000,0.0000000000000000,0.0000000000000000,1.0000000000000000
M 0.9396926164627075,-0.0000000149501762,-0.3420201838016510,0.1771528720855713,0.0000000000000000,1.0000000000000000,-0.0000000437113883,0.0000000000000000,0.3420201838016510,0.0000000410752676,0.9396926164627075,-1.0046843290328979,0.0000000000000000,0.0000000000000000,0.0000000000000000,1.0000000000000000
M 0.9455185532569885,-0.0000000142310377,-0.3255681991577148,0.1600391864776611,0.0000000000000000,1.0000000000000000,-0.0000000437113883,0.0000000000000000,0.3255681991577148,0.0000000413299297,0.9455185532569885,-0.9563565850257874,0.0000000000000000,0.0000000000000000,0.0000000000000000,1.0000000000000000
M 0.9510564804077148,-0.0000000135075631,-0.3090170323848724,0.1437716484069824,0.0000000000000000,1.0000000000000000,-0.0000000437113883,0.0000000000000000,0.3090170323848724,0.0000000415719974,0.9510564804077148,-0.9077375531196594,0.0000000000000000,0.0000000000000000,0.0000000000000000,1.0000000000000000
M 0.9563047289848328,-0.0000000127799753,-0.2923717498779297,0.1283547878265381,0.0000000000000000,1.0000000000000000,-0.0000000437113883,0.0000000000000000,0.2923717498779297,0.0000000418014068,0.9563047289848328,-0.8588420152664185,0.0000000000000000,0.0000000000000000,0.0000000000000000,1.0000000000000000
M 0.9612616896629333,-0.0000000120484929,-0.2756373882293701,0.1137938499450684,0.0000000000000000,1.0000000000000000,-0.0000000437113883,0.0000000000000000,0.2756373882293701,0.0000000420180832,0.9612616896629333,-0.8096848130226135,0.0000000000000000,0.0000000000000000,0.0000000000000000,1.0000000000000000
M 0.9659258127212524,-0.0000000113133414,-0.2588190734386444,0.1000928878784180,0.0000000000000000,1.0000000000000000,-0.0000000437113883,0.0000000000000000,0.2588190734386444,0.0000000422219593,0.9659258127212524,-0.7602810263633728,0.0000000000000000,0.0000000000000000,0.0000000000000000,1.0000000000000000
M 0.9702957272529602,-0.0000000105747437,-0.2419219315052032,0.0872561931610107,0.0000000000000000,1.0000000000000000,-0.0000000437113883,0.0000000000000000,0.2419219315052032,0.0000000424129745,0.9702957272529602,-0.7106456756591797,0.0000000000000000,0.0000000000000000,0.0000000000000000,1.0000000000000000
M 0.9743700623512268,-0.0000000098329247,-0.2249510884284973,0.0752880573272705,0.0000000000000000,1.0000000000000000,-0.0000000437113883,0.0000000000000000,0.2249510884284973,0.0000000425910684,0.9743700623512268,-0.6607938408851624,0.0000000000000000,0.0000000000000000,0.0000000000000000,1.0000000000000000
M 0.9781475663185120,-0.0000000090881107,-0.2079117298126221,0.0641915798187256,0.0000000000000000,1.0000000000000000,-0.0000000437113883,0.0000000000000000,0.2079117298126221,0.0000000427561879,0.9781475663185120,-0.6107407212257385,0.0000000000000000,0.0000000000000000,0.0000000000000000,1.0000000000000000
M 0.9816271662712097,-0.0000000083405283,-0.1908090412616730,0.0539700984954834,0.0000000000000000,1.0000000000000000,-0.0000000437113883,0.0000000000000000,0.1908090412616730,0.0000000429082867,0.9816271662712097,-0.5605015754699707,0.0000000000000000,0.0000000000000000,0.0000000000000000,1.0000000000000000
M 0.9848077297210693,-0.0000000075904047,-0.1736482232809067,0.0446271896362305,0.0000000000000000,1.0000000000000000,-0.0000000437113883,0.0000000000000000,0.1736482232809067,0.0000000430473115,0.9848077297210693,-0.5100916624069214,0.0000000000000000,0.0000000000000000,0.0000000000000000,1.0000000000000000
