O WHEEL_DRIVER_3
A WHEEL_DRIVER_3
M 1.0000000000000000,0.0000000000000000,0.0000000000000000,0.0000000000000000,0.0000000000000000,1.0000000000000000,-0.0000000437113883,0.0000000000000000,-0.0000000000000000,0.0000000437113883,1.0000000000000000,-0.0000000000000000,0.0000000000000000,0.0000000000000000,0.0000000000000000,1.0000000000000000
M 0.9998477697372437,0.0000000007628668,0.0174523591995239,0.0007257461547852,0.0000000000000000,1.0000000000000000,-0.0000000437113883,0.0000000000000000,-0.0174523591995239,0.0000000437047341,0.9998477697372437,0.0515260100364685,0.0000000000000000,0.0000000000000000,0.0000000000000000,1.0000000000000000
M 0.9993909597396851,0.0000000015255057,0.0348995029926300,0.0022090673446655,0.0000000000000000,1.0000000000000000,-0.0000000437113883,0.0000000000000000,-0.0348995029926300,0.0000000436847678,0.9993909597396851,0.1029043197631836,0.0000000000000000,0.0000000000000000,0.0000000000000000,1.0000000000000000
M 0.9986295700073242,0.0000000022876769,0.0523359477519989,0.0044478178024292,0.0000000000000000,1.0000000000000000,-0.0000000437113883,0.0000000000000000,-0.0523359477519989,0.0000000436514860,0.9986295700073242,0.1541213393211365,0.0000000000000000,0.0000000000000000,0.0000000000000000,1.0000000000000000
M 0.9975641965866089,0.0000000030491498,0.0697564184665680,0.0074381828308105,0.0000000000000000,1.0000000000000000,-0.0000000437113883,0.0000000000000000,-0.0697564184665680,0.0000000436049170,0.9975641965866089,0.2051641345024109,0.0000000000000000,0.0000000000000000,0.0000000000000000,1.0000000000000000
M 0.9961948394775391,0.0000000038096979,0.0871557295322418,0.0111777782440186,0.0000000000000000,1.0000000000000000,-0.0000000437113883,0.0000000000000000,-0.0871557295322418,0.0000000435450609,0.9961948394775391,0.2560199499130249,0.0000000000000000,0.0000000000000000,0.0000000000000000,1.0000000000000000
M 0.9945219755172729,0.0000000045690838,0.1045284569263458,0.0163916349411011,0.0000000000000000,1.0000000000000000,-0.0000000437113883,0.0000000000000000,-0.1045284569263458,0.0000000434719354,0.9945219755172729,0.3072866499423981,0.0000000000000000,0.0000000000000000,0.0000000000000000,1.0000000000000000
M 0.9925462603569031,0.0000000053270801,0.1218693852424622,0.0223474502563477,0.0000000000000000,1.0000000000000000,-0.0000000437113883,0.0000000000000000,-0.1218693852424622,0.0000000433855760,0.9925462603569031,0.3583401739597321,0.0000000000000000,0.0000000000000000,0.0000000000000000,1.0000000000000000
M 0.9902681708335876,0.0000000060834489,0.1391730904579163,0.0290412902832031,0.0000000000000000,1.0000000000000000,-0.0000000437113883,0.0000000000000000,-0.1391730904579163,0.0000000432859970,0.9902681708335876,0.4091672301292419,0.0000000000000000,0.0000000000000000,0.0000000000000000,1.0000000000000000
M 0.9876884222030640,0.0000000068379666,0.1564344465732574,0.0364695787429810,0.0000000000000000,1.0000000000000000,-0.0000000437113883,0.0000000000000000,-0.1564344465732574,0.0000000431732339,0.9876884222030640,0.4597553014755249,0.0000000000000000,0.0000000000000000,0.0000000000000000,1.0000000000000000
M 0.9848078489303589,0.0000000075904021,0.1736481487751007,0.0446269512176514,0.0000000000000000,1.0000000000000000,-0.0000000437113883,0.0000000000000000,-0.1736481487751007,0.0000000430473186,0.9848078489303589,0.5100915431976318,0.0000000000000000,0.0000000000000000,0.0000000000000000,1.0000000000000000
M 0.9816272854804993,0.0000000083405292,0.1908090710639954,0.0542892217636108,0.0000000000000000,1.0000000000000000,-0.0000000437113883,0.0000000000000000,-0.1908090710639954,0.0000000429082903,0.9816272854804993,0.5607087612152100,0.0000000000000000,0.0000000000000000,0.0000000000000000,1.0000000000000000
M 0.9781476259231567,0.0000000090881089,0.2079117000102997,0.0646719932556152,0.0000000000000000,1.0000000000000000,-0.0000000437113883,0.0000000000000000,-0.2079117000102997,0.0000000427561915,0.9781476259231567,0.6110488176345825,0.0000000000000000,0.0000000000000000,0.0000000000000000,1.0000000000000000
M 0.9743701219558716,0.0000000098329220,0.2249510288238525,0.0757702589035034,0.0000000000000000,1.0000000000000000,-0.0000000437113883,0.0000000000000000,-0.2249510288238525,0.0000000425910720,0.9743701219558716,0.6610991358757019,0.0000000000000000,0.0000000000000000,0.0000000000000000,1.0000000000000000
M 0.9702957868576050,0.0000000105747411,0.2419218719005585,0.0875787734985352,0.0000000000000000,1.0000000000000000,-0.0000000437113883,0.0000000000000000,-0.2419218719005585,0.0000000424129745,0.9702957868576050,0.7108471989631653,0.0000000000000000,0.0000000000000000,0.0000000000000000,1.0000000000000000
M 0.9659258723258972,0.0000000113133396,0.2588190436363220,0.1000926494598389,0.0000000000000000,1.0000000000000000,-0.0000000437113883,0.0000000000000000,-0.2588190436363220,0.0000000422219593,0.9659258723258972,0.7602809071540833,0.0000000000000000,0.0000000000000000,0.0000000000000000,1.0000000000000000
M 0.9612617492675781,0.0000000120484929,0.2756373882293701,0.1141295433044434,0.0000000000000000,1.0000000000000000,-0.0000000437113883,0.0000000000000000,-0.2756373882293701,0.0000000420180868,0.9612617492675781,0.8098634481430054,0.0000000000000000,0.0000000000000000,0.0000000000000000,1.0000000000000000
M 0.9563048481941223,0.0000000127799726,0.2923716902732849,0.1288603544235229,0.0000000000000000,1.0000000000000000,-0.0000000437113883,0.0000000000000000,-0.2923716902732849,0.0000000418014139,0.9563048481941223,0.8591068983078003,0.0000000000000000,0.0000000000000000,0.0000000000000000,1.0000000000000000
M 0.9510565996170044,0.0000000135075631,0.3090170323848724,0.1442784667015076,0.0000000000000000,1.0000000000000000,-0.0000000437113883,0.0000000000000000,-0.3090170323848724,0.0000000415720045,0.9510565996170044,0.9079995155334473,0.0000000000000000,0.0000000000000000,0.0000000000000000,1.0000000000000000
M 0.9455186724662781,0.0000000142310350,0.3255681395530701,0.1603781580924988,0.0000000000000000,1.0000000000000000,-0.0000000437113883,0.0000000000000000,-0.3255681395530701,0.0000000413299333,0.9455186724662781,0.9565292596817017,0.0000000000000000,0.0000000000000000,0.0000000000000000,1.0000000000000000
M 0.9396926760673523,0.0000000149501727,0.3420200943946838,0.1771526336669922,0.0000000000000000,1.0000000000000000,-0.0000000437113883,0.0000000000000000,-0.3420200943946838,0.0000000410752712,0.9396926760673523,1.0046839714050293,0.0000000000000000,0.0000000000000000,0.0000000000000000,1.0000000000000000
M 0.9335805177688599,0.0000000156647602,0.3583679497241974,0.1954577565193176,0.0000000000000000,1.0000000000000000,-0.0000000437113883,0.0000000000000000,-0.3583679497241974,0.0000000408081000,0.9335805177688599,1.0528544187545776,0.0000000000000000,0.0000000000000000,0.0000000000000000,1.0000000000000000
M 0.9271839261054993,0.0000000163745728,0.3746065497398376,0.2144241929054260,0.0000000000000000,1.0000000000000000,-0.0000000437113883,0.0000000000000000,-0.3746065497398376,0.0000000405284979,0.9271839261054993,1.1006267070770264,0.0000000000000000,0.0000000000000000,0.0000000000000000,1.0000000000000000
M 0.9205049276351929,0.0000000170794028,0.3907311856746674,0.2340448498725891,0.0000000000000000,1.0000000000000000,-0.0000000437113883,0.0000000000000000,-0.3907311856746674,0.0000000402365465,0.9205049276351929,1.1479896306991577,0.0000000000000000,0.0000000000000000,0.0000000000000000,1.0000000000000000
M 0.9135454893112183,0.0000000177790227,0.4067366123199463,0.2543129324913025,0.0000000000000000,1.0000000000000000,-0.0000000437113883,0.0000000000000000,-0.4067366123199463,0.0000000399323419,0.9135454893112183,1.1949313879013062,0.0000000000000000,0.0000000000000000,0.0000000000000000,1.0000000000000000
M 0.9063078165054321,0.0000000184732301,0.4226182401180267,0.2752205729484558,0.0000000000000000,1.0000000000000000,-0.0000000437113883,0.0000000000000000,-0.4226182401180267,0.0000000396159727,0.9063078165054321,1.2414410114288330,0.0000000000000000,0.0000000000000000,0.0000000000000000,1.0000000000000000
M 0.8987941145896912,0.0000000191618099,0.4383711218833923,0.2976542711257935,0.0000000000000000,1.0000000000000000,-0.0000000437113883,0.0000000000000000,-0.4383711218833923,0.0000000392875386,0.8987941145896912,1.2878327369689941,0.0000000000000000,0.0000000000000000,0.0000000000000000,1.0000000000000000
M 0.8910065889358521,0.0000000198445527,0.4539904594421387,0.3207122087478638,0.0000000000000000,1.0000000000000000,-0.0000000437113883,0.0000000000000000,-0.4539904594421387,0.0000000389471353,0.8910065889358521,1.3337701559066772,0.0000000000000000,0.0000000000000000,0.0000000000000000,1.0000000000000000
M 0.8829476833343506,0.0000000205212540,0.4694715738296509,0.3443863987922668,0.0000000000000000,1.0000000000000000,-0.0000000437113883,0.0000000000000000,-0.4694715738296509,0.0000000385948695,0.8829476833343506,1.3792426586151123,0.0000000000000000,0.0000000000000000,0.0000000000000000,1.0000000000000000
M 0.8746197223663330,0.0000000211917008,0.4848096072673798,0.3686684966087341,0.0000000000000000,1.0000000000000000,-0.0000000437113883,0.0000000000000000,-0.4848096072673798,0.0000000382308407,0.8746197223663330,1.4242395162582397,0.0000000000000000,0.0000000000000000,0.0000000000000000,1.0000000000000000
M 0.8660254478454590,0.0000000218556941,0.5000000000000000,0.3935501575469971,0.0000000000000000,1.0000000000000000,-0.0000000437113883,0.0000000000000000,-0.5000000000000000,0.0000000378551732,0.8660254478454590,1.4687497615814209,0.0000000000000000,0.0000000000000000,0.0000000000000000,1.0000000000000000
M 0.8571673631668091,0.0000000225130314,0.5150381326675415,0.4199416041374207,0.0000000000000000,1.0000000000000000,-0.0000000437113883,0.0000000000000000,-0.5150381326675415,0.0000000374679772,0.8571673631668091,1.5130097866058350,0.0000000000000000,0.0000000000000000,0.0000000000000000,1.0000000000000000
M 0.8480482101440430,0.0000000231635067,0.5299192667007446,0.4469155967235565,0.0000000000000000,1.0000000000000000,-0.0000000437113883,0.0000000000000000,-0.5299192667007446,0.0000000370693662,0.8480482101440430,1.5567629337310791,0.0000000000000000,0.0000000000000000,0.0000000000000000,1.0000000000000000
M 0.8386706113815308,0.0000000238069262,0.5446389913558960,0.4744627177715302,0.0000000000000000,1.0000000000000000,-0.0000000437113883,0.0000000000000000,-0.5446389913558960,0.0000000366594577,0.8386706113815308,1.5999988317489624,0.0000000000000000,0.0000000000000000,0.0000000000000000,1.0000000000000000
M 0.8290376663208008,0.0000000244430982,0.5591928958892822,0.5025742650032043,0.0000000000000000,1.0000000000000000,-0.0000000437113883,0.0000000000000000,-0.5591928958892822,0.0000000362383865,0.8290376663208008,1.6427081823348999,0.0000000000000000,0.0000000000000000,0.0000000000000000,1.0000000000000000
M 0.8191521167755127,0.0000000250718237,0.5735764503479004,0.5312405824661255,0.0000000000000000,1.0000000000000000,-0.0000000437113883,0.0000000000000000,-0.5735764503479004,0.0000000358062771,0.8191521167755127,1.6848804950714111,0.0000000000000000,0.0000000000000000,0.0000000000000000,1.0000000000000000
M 0.8090171217918396,0.0000000256929109,0.5877853035926819,0.5613892078399658,0.0000000000000000,1.0000000000000000,-0.0000000437113883,0.0000000000000000,-0.5877853035926819,0.0000000353632608,0.8090171217918396,1.7266721725463867,0.0000000000000000,0.0000000000000000,0.0000000000000000,1.0000000000000000
M 0.7986356019973755,0.0000000263061679,0.6018149852752686,0.5920738577842712,0.0000000000000000,1.0000000000000000,-0.0000000437113883,0.0000000000000000,-0.6018149852752686,0.0000000349094726,0.7986356019973755,1.7679076194763184,0.0000000000000000,0.0000000000000000,0.0000000000000000,1.0000000000000000
M 0.7880108356475830,0.0000000269114189,0.6156615018844604,0.6232845187187195,0.0000000000000000,1.0000000000000000,-0.0000000437113883,0.0000000000000000,-0.6156615018844604,0.0000000344450477,0.7880108356475830,1.8085782527923584,0.0000000000000000,0.0000000000000000,0.0000000000000000,1.0000000000000000
M 0.7771461009979248,0.0000000275084684,0.6293203830718994,0.6550112366676331,0.0000000000000000,1.0000000000000000,-0.0000000437113883,0.0000000000000000,-0.6293203830718994,0.0000000339701351,0.7771461009979248,1.8486748933792114,0.0000000000000000,0.0000000000000000,0.0000000000000000,1.0000000000000000
M 0.7660445570945740,0.0000000280971406,0.6427876353263855,0.6872440576553345,0.0000000000000000,1.0000000000000000,-0.0000000437113883,0.0000000000000000,-0.6427876353263855,0.0000000334848700,0.7660445570945740,1.8881886005401611,0.0000000000000000,0.0000000000000000,0.0000000000000000,1.0000000000000000
M 0.7547096014022827,0.0000000286772508,0.6560590267181396,0.7209205031394958,0.0000000000000000,1.0000000000000000,-0.0000000437113883,0.0000000000000000,-0.6560590267181396,0.0000000329894050,0.7547096014022827,1.9271930456161499,0.0000000000000000,0.0000000000000000,0.0000000000000000,1.0000000000000000
M 0.7431448698043823,0.0000000292486266,0.6691305637359619,0.7550823092460632,0.0000000000000000,1.0000000000000000,-0.0000000437113883,0.0000000000000000,-0.6691305637359619,0.0000000324838929,0.7431448698043823,1.9655976295471191,0.0000000000000000,0.0000000000000000,0.0000000000000000,1.0000000000000000
M 0.7313537597656250,0.0000000298110940,0.6819983720779419,0.7897188663482666,0.0000000000000000,1.0000000000000000,-0.0000000437113883,0.0000000000000000,-0.6819983720779419,0.0000000319684865,0.7313537597656250,2.0033934116363525,0.0000000000000000,0.0000000000000000,0.0000000000000000,1.0000000000000000
M 0.7193398475646973,0.0000000303644825,0.6946583986282349,0.8248196244239807,0.0000000000000000,1.0000000000000000,-0.0000000437113883,0.0000000000000000,-0.6946583986282349,0.0000000314433422,0.7193398475646973,2.0405721664428711,0.0000000000000000,0.0000000000000000,0.0000000000000000,1.0000000000000000
M 0.7071068286895752,0.0000000309086197,0.7071068286895752,0.8603737354278564,0.0000000000000000,1.0000000000000000,-0.0000000437113883,0.0000000000000000,-0.7071068286895752,0.0000000309086197,0.7071068286895752,2.0771262645721436,0.0000000000000000,0.0000000000000000,0.0000000000000000,1.0000000000000000
M 0.6946583986282349,0.0000000314433422,0.7193398475646973,0.8973213434219360,0.0000000000000000,1.0000000000000000,-0.0000000437113883,0.0000000000000000,-0.7193398475646973,0.0000000303644825,0.6946583986282349,2.1130473613739014,0.0000000000000000,0.0000000000000000,0.0000000000000000,1.0000000000000000
M 0.6819983720779419,0.0000000319684865,0.7313537597656250,0.9347001910209656,0.0000000000000000,1.0000000000000000,-0.0000000437113883,0.0000000000000000,-0.7313537597656250,0.0000000298110940,0.6819983720779419,2.1483283042907715,0.0000000000000000,0.0000000000000000,0.0000000000000000,1.0000000000000000
M 0.6691306233406067,0.0000000324838929,0.7431448101997375,0.9724991321563721,0.0000000000000000,1.0000000000000000,-0.0000000437113883,0.0000000000000000,-0.7431448101997375,0.0000000292486284,0.6691306233406067,2.1829614639282227,0.0000000000000000,0.0000000000000000,0.0000000000000000,1.0000000000000000
M 0.6560590863227844,0.0000000329894085,0.7547096610069275,1.0107065439224243,0.0000000000000000,1.0000000000000000,-0.0000000437113883,0.0000000000000000,-0.7547096610069275,0.0000000286772543,0.6560590863227844,2.2169396877288818,0.0000000000000000,0.0000000000000000,0.0000000000000000,1.0000000000000000
M 0.6427876949310303,0.0000000334848700,0.7660444974899292,1.0493111610412598,0.0000000000000000,1.0000000000000000,-0.0000000437113883,0.0000000000000000,-0.7660444974899292,0.0000000280971424,0.6427876949310303,2.2502555847167969,0.0000000000000000,0.0000000000000000,0.0000000000000000,1.0000000000000000
M 0.6293204426765442,0.0000000339701316,0.7771460413932800,1.0892488956451416,0.0000000000000000,1.0000000000000000,-0.0000000437113883,0.0000000000000000,-0.7771460413932800,0.0000000275084702,0.6293204426765442,2.2828199863433838,0.0000000000000000,0.0000000000000000,0.0000000000000000,1.0000000000000000
M 0.6156615614891052,0.0000000344450442,0.7880107760429382,1.1295605897903442,0.0000000000000000,1.0000000000000000,-0.0000000437113883,0.0000000000000000,-0.7880107760429382,0.0000000269114224,0.6156615614891052,2.3147087097167969,0.0000000000000000,0.0000000000000000,0.0000000000000000,1.0000000000000000
M 0.6018150448799133,0.0000000349094691,0.7986355423927307,1.1702340841293335,0.0000000000000000,1.0000000000000000,-0.0000000437113883,0.0000000000000000,-0.7986355423927307,0.0000000263061715,0.6018150448799133,2.3459155559539795,0.0000000000000000,0.0000000000000000,0.0000000000000000,1.0000000000000000
M 0.5877853631973267,0.0000000353632572,0.8090170621871948,1.2112575769424438,0.0000000000000000,1.0000000000000000,-0.0000000437113883,0.0000000000000000,-0.8090170621871948,0.0000000256929145,0.5877853631973267,2.3764345645904541,0.0000000000000000,0.0000000000000000,0.0000000000000000,1.0000000000000000
M 0.5735765099525452,0.0000000358062735,0.8191520571708679,1.2526190280914307,0.0000000000000000,1.0000000000000000,-0.0000000437113883,0.0000000000000000,-0.8191520571708679,0.0000000250718255,0.5735765099525452,2.4062590599060059,0.0000000000000000,0.0000000000000000,0.0000000000000000,1.0000000000000000
M 0.5591929554939270,0.0000000362383830,0.8290376067161560,1.2952430248260498,0.0000000000000000,1.0000000000000000,-0.0000000437113883,0.0000000000000000,-0.8290376067161560,0.0000000244431000,0.5591929554939270,2.4352188110351562,0.0000000000000000,0.0000000000000000,0.0000000000000000,1.0000000000000000
M 0.5446391105651855,0.0000000366594577,0.8386706113815308,1.3381804227828979,0.0000000000000000,1.0000000000000000,-0.0000000437113883,0.0000000000000000,-0.8386706113815308,0.0000000238069315,0.5446391105651855,2.4634730815887451,0.0000000000000000,0.0000000000000000,0.0000000000000000,1.0000000000000000
M 0.5299193263053894,0.0000000370693627,0.8480481505393982,1.3814190626144409,0.0000000000000000,1.0000000000000000,-0.0000000437113883,0.0000000000000000,-0.8480481505393982,0.0000000231635102,0.5299193263053894,2.4910159111022949,0.0000000000000000,0.0000000000000000,0.0000000000000000,1.0000000000000000
M 0.5150381326675415,0.0000000374679772,0.8571673631668091,1.4249463081359863,0.0000000000000000,1.0000000000000000,-0.0000000437113883,0.0000000000000000,-0.8571673631668091,0.0000000225130314,0.5150381326675415,2.5178432464599609,0.0000000000000000,0.0000000000000000,0.0000000000000000,1.0000000000000000
M 0.5000000000000000,0.0000000378551732,0.8660254478454590,1.4687497615814209,0.0000000000000000,1.0000000000000000,-0.0000000437113883,0.0000000000000000,-0.8660254478454590,0.0000000218556941,0.5000000000000000,2.5439496040344238,0.0000000000000000,0.0000000000000000,0.0000000000000000,1.0000000000000000
M 0.4848096370697021,0.0000000382308407,0.8746197223663330,1.5137357711791992,0.0000000000000000,1.0000000000000000,-0.0000000437113883,0.0000000000000000,-0.8746197223663330,0.0000000211917026,0.4848096370697021,2.5690841674804688,0.0000000000000000,0.0000000000000000,0.0000000000000000,1.0000000000000000
M 0.4694716334342957,0.0000000385948660,0.8829476237297058,1.5589721202850342,0.0000000000000000,1.0000000000000000,-0.0000000437113883,0.0000000000000000,-0.8829476237297058,0.0000000205212576,0.4694716334342957,2.5934884548187256,0.0000000000000000,0.0000000000000000,0.0000000000000000,1.0000000000000000
M 0.4539905786514282,0.0000000389471353,0.8910065889358521,1.6044466495513916,0.0000000000000000,1.0000000000000000,-0.0000000437113883,0.0000000000000000,-0.8910065889358521,0.0000000198445580,0.4539905786514282,2.6171584129333496,0.0000000000000000,0.0000000000000000,0.0000000000000000,1.0000000000000000
M 0.4383712410926819,0.0000000392875386,0.8987941145896912,1.6501464843750000,0.0000000000000000,1.0000000000000000,-0.0000000437113883,0.0000000000000000,-0.8987941145896912,0.0000000191618152,0.4383712410926819,2.6400899887084961,0.0000000000000000,0.0000000000000000,0.0000000000000000,1.0000000000000000
M 0.4226183295249939,0.0000000396159692,0.9063077569007874,1.6960585117340088,0.0000000000000000,1.0000000000000000,-0.0000000437113883,0.0000000000000000,-0.9063077569007874,0.0000000184732336,0.4226183295249939,2.6622791290283203,0.0000000000000000,0.0000000000000000,0.0000000000000000,1.0000000000000000
M 0.4067367315292358,0.0000000399323419,0.9135454893112183,1.7430638074874878,0.0000000000000000,1.0000000000000000,-0.0000000437113883,0.0000000000000000,-0.9135454893112183,0.0000000177790280,0.4067367315292358,2.6833972930908203,0.0000000000000000,0.0000000000000000,0.0000000000000000,1.0000000000000000
M 0.3907312154769897,0.0000000402365465,0.9205049276351929,1.7902550697326660,0.0000000000000000,1.0000000000000000,-0.0000000437113883,0.0000000000000000,-0.9205049276351929,0.0000000170794046,0.3907312154769897,2.7037661075592041,0.0000000000000000,0.0000000000000000,0.0000000000000000,1.0000000000000000
M 0.3746066987514496,0.0000000405284943,0.9271838665008545,1.8376197814941406,0.0000000000000000,1.0000000000000000,-0.0000000437113883,0.0000000000000000,-0.9271838665008545,0.0000000163745781,0.3746066987514496,2.7233824729919434,0.0000000000000000,0.0000000000000000,0.0000000000000000,1.0000000000000000
M 0.3583680391311646,0.0000000408081000,0.9335805177688599,1.8851444721221924,0.0000000000000000,1.0000000000000000,-0.0000000437113883,0.0000000000000000,-0.9335805177688599,0.0000000156647637,0.3583680391311646,2.7422437667846680,0.0000000000000000,0.0000000000000000,0.0000000000000000,1.0000000000000000
M 0.3420202136039734,0.0000000410752712,0.9396926760673523,1.9328155517578125,0.0000000000000000,1.0000000000000000,-0.0000000437113883,0.0000000000000000,-0.9396926760673523,0.0000000149501780,0.3420202136039734,2.7603473663330078,0.0000000000000000,0.0000000000000000,0.0000000000000000,1.0000000000000000
M 0.3255681991577148,0.0000000413299297,0.9455186128616333,1.9814825057983398,0.0000000000000000,1.0000000000000000,-0.0000000437113883,0.0000000000000000,-0.9455186128616333,0.0000000142310377,0.3255681991577148,2.7772881984710693,0.0000000000000000,0.0000000000000000,0.0000000000000000,1.0000000000000000
M 0.3090170621871948,0.0000000415720045,0.9510565996170044,2.0302696228027344,0.0000000000000000,1.0000000000000000,-0.0000000437113883,0.0000000000000000,-0.9510565996170044,0.0000000135075648,0.3090170621871948,2.7934663295745850,0.0000000000000000,0.0000000000000000,0.0000000000000000,1.0000000000000000
M 0.2923717498779297,0.0000000418014103,0.9563047885894775,2.0791635513305664,0.0000000000000000,1.0000000000000000,-0.0000000437113883,0.0000000000000000,-0.9563047885894775,0.0000000127799753,0.2923717498779297,2.8088803291320801,0.0000000000000000,0.0000000000000000,0.0000000000000000,1.0000000000000000
M 0.2756374180316925,0.0000000420180868,0.9612617492675781,2.1281509399414062,0.0000000000000000,1.0000000000000000,-0.0000000437113883,0.0000000000000000,-0.9612617492675781,0.0000000120484946,0.2756374180316925,2.8235275745391846,0.0000000000000000,0.0000000000000000,0.0000000000000000,1.0000000000000000
M 0.2588191330432892,0.0000000422219628,0.9659259319305420,2.1772189140319824,0.0000000000000000,1.0000000000000000,-0.0000000437113883,0.0000000000000000,-0.9659259319305420,0.0000000113133440,0.2588191330432892,2.8374073505401611,0.0000000000000000,0.0000000000000000,0.0000000000000000,1.0000000000000000
M 0.2419219017028809,0.0000000424129745,0.9702957868576050,2.2271771430969238,0.0000000000000000,1.0000000000000000,-0.0000000437113883,0.0000000000000000,-0.9702957868576050,0.0000000105747420,0.2419219017028809,2.8500421047210693,0.0000000000000000,0.0000000000000000,0.0000000000000000,1.0000000000000000
M 0.2249511480331421,0.0000000425910720,0.9743701219558716,2.2771883010864258,0.0000000000000000,1.0000000000000000,-0.0000000437113883,0.0000000000000000,-0.9743701219558716,0.0000000098329274,0.2249511480331421,2.8619067668914795,0.0000000000000000,0.0000000000000000,0.0000000000000000,1.0000000000000000
M 0.2079117894172668,0.0000000427561950,0.9781476855278015,2.3272399902343750,0.0000000000000000,1.0000000000000000,-0.0000000437113883,0.0000000000000000,-0.9781476855278015,0.0000000090881134,0.2079117894172668,2.8730006217956543,0.0000000000000000,0.0000000000000000,0.0000000000000000,1.0000000000000000
M 0.1908091008663177,0.0000000429082903,0.9816272258758545,2.3773176670074463,0.0000000000000000,1.0000000000000000,-0.0000000437113883,0.0000000000000000,-0.9816272258758545,0.0000000083405309,0.1908091008663177,2.8833227157592773,0.0000000000000000,0.0000000000000000,0.0000000000000000,1.0000000000000000
M 0.1736482083797455,0.0000000430473115,0.9848077297210693,2.4274082183837891,0.0000000000000000,1.0000000000000000,-0.0000000437113883,0.0000000000000000,-0.9848077297210693,0.0000000075904039,0.1736482083797455,2.8928730487823486,0.0000000000000000,0.0000000000000000,0.0000000000000000,1.0000000000000000
M 0.1564344465732574,0.0000000431732339,0.9876884222030640,2.4782776832580566,0.0000000000000000,1.0000000000000000,-0.0000000437113883,0.0000000000000000,-0.9876884222030640,0.0000000068379666,0.1564344465732574,2.9011054039001465,0.0000000000000000,0.0000000000000000,0.0000000000000000,1.0000000000000000
M 0.1391731500625610,0.0000000432859935,0.9902681112289429,2.5291328430175781,0.0000000000000000,1.0000000000000000,-0.0000000437113883,0.0000000000000000,-0.9902681112289429,0.0000000060834515,0.1391731500625610,2.9085662364959717,0.0000000000000000,0.0000000000000000,0.0000000000000000,1.0000000000000000
M 0.1218694150447845,0.0000000433855725,0.9925462007522583,2.5799608230590820,0.0000000000000000,1.0000000000000000,-0.0000000437113883,0.0000000000000000,-0.9925462007522583,0.0000000053270814,0.1218694150447845,2.9152555465698242,0.0000000000000000,0.0000000000000000,0.0000000000000000,1.0000000000000000
M 0.1045285761356354,0.0000000434719354,0.9945219755172729,2.6307473182678223,0.0000000000000000,1.0000000000000000,-0.0000000437113883,0.0000000000000000,-0.9945219755172729,0.0000000045690891,0.1045285761356354,2.9211740493774414,0.0000000000000000,0.0000000000000000,0.0000000000000000,1.0000000000000000
M 0.0871557891368866,0.0000000435450538,0.9961947202682495,2.6814796924591064,0.0000000000000000,1.0000000000000000,-0.0000000437113883,0.0000000000000000,-0.9961947202682495,0.0000000038097006,0.0871557891368866,2.9263222217559814,0.0000000000000000,0.0000000000000000,0.0000000000000000,1.0000000000000000
M 0.0697565078735352,0.0000000436049099,0.9975640773773193,2.7328729629516602,0.0000000000000000,1.0000000000000000,-0.0000000437113883,0.0000000000000000,-0.9975640773773193,0.0000000030491538,0.0697565078735352,2.9300899505615234,0.0000000000000000,0.0000000000000000,0.0000000000000000,1.0000000000000000
M 0.0523360371589661,0.0000000436514860,0.9986296296119690,2.7841849327087402,0.0000000000000000,1.0000000000000000,-0.0000000437113883,0.0000000000000000,-0.9986296296119690,0.0000000022876809,0.0523360371589661,2.9330897331237793,0.0000000000000000,0.0000000000000000,0.0000000000000000,1.0000000000000000
M 0.0348995029926300,0.0000000436847678,0.9993909597396851,2.8354024887084961,0.0000000000000000,1.0000000000000000,-0.0000000437113883,0.0000000000000000,-0.9993909597396851,0.0000000015255057,0.0348995029926300,2.9353237152099609,0.0000000000000000,0.0000000000000000,0.0000000000000000,1.0000000000000000
M 0.0174522995948792,0.0000000437047305,0.9998477101325989,2.8865122795104980,0.0000000000000000,1.0000000000000000,-0.0000000437113883,0.0000000000000000,-0.9998477101325989,0.0000000007628643,0.0174522995948792,2.9367930889129639,0.0000000000000000,0.0000000000000000,0.0000000000000000,1.0000000000000000
M -0.0000000894069672,0.0000000437113883,1.0000000000000000,2.9375000000000000,0.0000000000000000,1.0000000000000000,-0.0000000437113883,0.0000000000000000,-1.0000000000000000,-0.0000000000000039,-0.0000000894069672,2.9375000000000000,0.0000000000000000,0.0000000000000000,0.0000000000000000,1.0000000000000000
O WHEEL_DRIVER_2
A WHEEL_DRIVER_2
M 1.0000000000000000,0.0000000000000000,0.0000000000000000,0.0000000000000000,0.0000000000000000,1.0000000000000000,-0.0000000437113883,0.0000000000000000,-0.0000000000000000,0.0000000437113883,1.0000000000000000,-0.0000000000000000,0.0000000000000000,0.0000000000000000,0.0000000000000000,1.0000000000000000
M 0.9998477697372437,0.0000000007628668,0.0174523591995239,0.0004472732543945,0.0000000000000000,1.0000000000000000,-0.0000000437113883,0.0000000000000000,-0.0174523591995239,0.0000000437047341,0.9998477697372437,0.0512664318084717,0.0000000000000000,0.0000000000000000,0.0000000000000000,1.0000000000000000
M 0.9993909597396851,0.0000000015255057,0.0348995029926300,0.0017892122268677,0.0000000000000000,1.0000000000000000,-0.0000000437113883,0.0000000000000000,-0.0348995029926300,0.0000000436847678,0.9993909597396851,0.1025172472000122,0.0000000000000000,0.0000000000000000,0.0000000000000000,1.0000000000000000
M 0.9986295700073242,0.0000000022876769,0.0523359477519989,0.0040256977081299,0.0000000000000000,1.0000000000000000,-0.0000000437113883,0.0000000000000000,-0.0523359477519989,0.0000000436514860,0.9986295700073242,0.1537368297576904,0.0000000000000000,0.0000000000000000,0.0000000000000000,1.0000000000000000
M 0.9975641965866089,0.0000000030491498,0.0697564184665680,0.0071555376052856,0.0000000000000000,1.0000000000000000,-0.0000000437113883,0.0000000000000000,-0.0697564184665680,0.0000000436049170,0.9975641965866089,0.2049094438552856,0.0000000000000000,0.0000000000000000,0.0000000000000000,1.0000000000000000
M 0.9961948394775391,0.0000000038096979,0.0871557295322418,0.0111778974533081,0.0000000000000000,1.0000000000000000,-0.0000000437113883,0.0000000000000000,-0.0871557295322418,0.0000000435450609,0.9961948394775391,0.2560199499130249,0.0000000000000000,0.0000000000000000,0.0000000000000000,1.0000000000000000
M 0.9945219755172729,0.0000000045690838,0.1045284569263458,0.0160919427871704,0.0000000000000000,1.0000000000000000,-0.0000000437113883,0.0000000000000000,-0.1045284569263458,0.0000000434719354,0.9945219755172729,0.3070522546768188,0.0000000000000000,0.0000000000000000,0.0000000000000000,1.0000000000000000
M 0.9925462603569031,0.0000000053270801,0.1218693852424622,0.0218954086303711,0.0000000000000000,1.0000000000000000,-0.0000000437113883,0.0000000000000000,-0.1218693852424622,0.0000000433855760,0.9925462603569031,0.3579912185668945,0.0000000000000000,0.0000000000000000,0.0000000000000000,1.0000000000000000
M 0.9902681708335876,0.0000000060834489,0.1391730904579163,0.0285873413085938,0.0000000000000000,1.0000000000000000,-0.0000000437113883,0.0000000000000000,-0.1391730904579163,0.0000000432859970,0.9902681708335876,0.4088208675384521,0.0000000000000000,0.0000000000000000,0.0000000000000000,1.0000000000000000
M 0.9876884222030640,0.0000000068379666,0.1564344465732574,0.0361654758453369,0.0000000000000000,1.0000000000000000,-0.0000000437113883,0.0000000000000000,-0.1564344465732574,0.0000000431732339,0.9876884222030640,0.4595263004302979,0.0000000000000000,0.0000000000000000,0.0000000000000000,1.0000000000000000
M 0.9848078489303589,0.0000000075904021,0.1736481487751007,0.0446269512176514,0.0000000000000000,1.0000000000000000,-0.0000000437113883,0.0000000000000000,-0.1736481487751007,0.0000000430473186,0.9848078489303589,0.5100915431976318,0.0000000000000000,0.0000000000000000,0.0000000000000000,1.0000000000000000
M 0.9816272854804993,0.0000000083405292,0.1908090710639954,0.0539699792861938,0.0000000000000000,1.0000000000000000,-0.0000000437113883,0.0000000000000000,-0.1908090710639954,0.0000000429082903,0.9816272854804993,0.5605014562606812,0.0000000000000000,0.0000000000000000,0.0000000000000000,1.0000000000000000
M 0.9781476259231567,0.0000000090881089,0.2079117000102997,0.0641912221908569,0.0000000000000000,1.0000000000000000,-0.0000000437113883,0.0000000000000000,-0.2079117000102997,0.0000000427561915,0.9781476259231567,0.6107405424118042,0.0000000000000000,0.0000000000000000,0.0000000000000000,1.0000000000000000
M 0.9743701219558716,0.0000000098329220,0.2249510288238525,0.0752878189086914,0.0000000000000000,1.0000000000000000,-0.0000000437113883,0.0000000000000000,-0.2249510288238525,0.0000000425910720,0.9743701219558716,0.6607937812805176,0.0000000000000000,0.0000000000000000,0.0000000000000000,1.0000000000000000
M 0.9702957868576050,0.0000000105747411,0.2419218719005585,0.0872560739517212,0.0000000000000000,1.0000000000000000,-0.0000000437113883,0.0000000000000000,-0.2419218719005585,0.0000000424129745,0.9702957868576050,0.7106455564498901,0.0000000000000000,0.0000000000000000,0.0000000000000000,1.0000000000000000
M 0.9659258723258972,0.0000000113133396,0.2588190436363220,0.1000927686691284,0.0000000000000000,1.0000000000000000,-0.0000000437113883,0.0000000000000000,-0.2588190436363220,0.0000000422219593,0.9659258723258972,0.7602809667587280,0.0000000000000000,0.0000000000000000,0.0000000000000000,1.0000000000000000
M 0.9612617492675781,0.0000000120484929,0.2756373882293701,0.1137936115264893,0.0000000000000000,1.0000000000000000,-0.0000000437113883,0.0000000000000000,-0.2756373882293701,0.0000000420180868,0.9612617492675781,0.8096847534179688,0.0000000000000000,0.0000000000000000,0.0000000000000000,1.0000000000000000
M 0.9563048481941223,0.0000000127799726,0.2923716902732849,0.1283546686172485,0.0000000000000000,1.0000000000000000,-0.0000000437113883,0.0000000000000000,-0.2923716902732849,0.0000000418014139,0.9563048481941223,0.8588417768478394,0.0000000000000000,0.0000000000000000,0.0000000000000000,1.0000000000000000
M 0.9510565996170044,0.0000000135075631,0.3090170323848724,0.1437713503837585,0.0000000000000000,1.0000000000000000,-0.0000000437113883,0.0000000000000000,-0.3090170323848724,0.0000000415720045,0.9510565996170044,0.9077374339103699,0.0000000000000000,0.0000000000000000,0.0000000000000000,1.0000000000000000
M 0.9455186724662781,0.0000000142310350,0.3255681395530701,0.1600388884544373,0.0000000000000000,1.0000000000000000,-0.0000000437113883,0.0000000000000000,-0.3255681395530701,0.0000000413299333,0.9455186724662781,0.9563564658164978,0.0000000000000000,0.0000000000000000,0.0000000000000000,1.0000000000000000
M 0.9396926760673523,0.0000000149501727,0.3420200943946838,0.1771527528762817,0.0000000000000000,1.0000000000000000,-0.0000000437113883,0.0000000000000000,-0.3420200943946838,0.0000000410752712,0.9396926760673523,1.0046840906143188,0.0000000000000000,0.0000000000000000,0.0000000000000000,1.0000000000000000
M 0.9335805177688599,0.0000000156647602,0.3583679497241974,0.1951074004173279,0.0000000000000000,1.0000000000000000,-0.0000000437113883,0.0000000000000000,-0.3583679497241974,0.0000000408081000,0.9335805177688599,1.0527057647705078,0.0000000000000000,0.0000000000000000,0.0000000000000000,1.0000000000000000
M 0.9271839261054993,0.0000000163745728,0.3746065497398376,0.2138972878456116,0.0000000000000000,1.0000000000000000,-0.0000000437113883,0.0000000000000000,-0.3746065497398376,0.0000000405284979,0.9271839261054993,1.1004066467285156,0.0000000000000000,0.0000000000000000,0.0000000000000000,1.0000000000000000
M 0.9205049276351929,0.0000000170794028,0.3907311856746674,0.2335168719291687,0.0000000000000000,1.0000000000000000,-0.0000000437113883,0.0000000000000000,-0.3907311856746674,0.0000000402365465,0.9205049276351929,1.1477727890014648,0.0000000000000000,0.0000000000000000,0.0000000000000000,1.0000000000000000
M 0.9135454893112183,0.0000000177790227,0.4067366123199463,0.2539600729942322,0.0000000000000000,1.0000000000000000,-0.0000000437113883,0.0000000000000000,-0.4067366123199463,0.0000000399323419,0.9135454893112183,1.1947889328002930,0.0000000000000000,0.0000000000000000,0.0000000000000000,1.0000000000000000
M 0.9063078165054321,0.0000000184732301,0.4226182401180267,0.2752206921577454,0.0000000000000000,1.0000000000000000,-0.0000000437113883,0.0000000000000000,-0.4226182401180267,0.0000000396159727,0.9063078165054321,1.2414410114288330,0.0000000000000000,0.0000000000000000,0.0000000000000000,1.0000000000000000
M 0.8987941145896912,0.0000000191618099,0.4383711218833923,0.2972923517227173,0.0000000000000000,1.0000000000000000,-0.0000000437113883,0.0000000000000000,-0.4383711218833923,0.0000000392875386,0.8987941145896912,1.2877150774002075,0.0000000000000000,0.0000000000000000,0.0000000000000000,1.0000000000000000
M 0.8910065889358521,0.0000000198445527,0.4539904594421387,0.3201682567596436,0.0000000000000000,1.0000000000000000,-0.0000000437113883,0.0000000000000000,-0.4539904594421387,0.0000000389471353,0.8910065889358521,1.3335969448089600,0.0000000000000000,0.0000000000000000,0.0000000000000000,1.0000000000000000
M 0.8829476833343506,0.0000000205212540,0.4694715738296509,0.3438412547111511,0.0000000000000000,1.0000000000000000,-0.0000000437113883,0.0000000000000000,-0.4694715738296509,0.0000000385948695,0.8829476833343506,1.3790726661682129,0.0000000000000000,0.0000000000000000,0.0000000000000000,1.0000000000000000
M 0.8746197223663330,0.0000000211917008,0.4848096072673798,0.3683044314384460,0.0000000000000000,1.0000000000000000,-0.0000000437113883,0.0000000000000000,-0.4848096072673798,0.0000000382308407,0.8746197223663330,1.4241282939910889,0.0000000000000000,0.0000000000000000,0.0000000000000000,1.0000000000000000
M 0.8660254478454590,0.0000000218556941,0.5000000000000000,0.3935502767562866,0.0000000000000000,1.0000000000000000,-0.0000000437113883,0.0000000000000000,-0.5000000000000000,0.0000000378551732,0.8660254478454590,1.4687498807907104,0.0000000000000000,0.0000000000000000,0.0000000000000000,1.0000000000000000
M 0.8571673631668091,0.0000000225130314,0.5150381326675415,0.4195709824562073,0.0000000000000000,1.0000000000000000,-0.0000000437113883,0.0000000000000000,-0.5150381326675415,0.0000000374679772,0.8571673631668091,1.5129241943359375,0.0000000000000000,0.0000000000000000,0.0000000000000000,1.0000000000000000
M 0.8480482101440430,0.0000000231635067,0.5299192667007446,0.4463586509227753,0.0000000000000000,1.0000000000000000,-0.0000000437113883,0.0000000000000000,-0.5299192667007446,0.0000000370693662,0.8480482101440430,1.5566377639770508,0.0000000000000000,0.0000000000000000,0.0000000000000000,1.0000000000000000
M 0.8386706113815308,0.0000000238069262,0.5446389913558960,0.4739051759243011,0.0000000000000000,1.0000000000000000,-0.0000000437113883,0.0000000000000000,-0.5446389913558960,0.0000000366594577,0.8386706113815308,1.5998769998550415,0.0000000000000000,0.0000000000000000,0.0000000000000000,1.0000000000000000
M 0.8290376663208008,0.0000000244430982,0.5591928958892822,0.5022019743919373,0.0000000000000000,1.0000000000000000,-0.0000000437113883,0.0000000000000000,-0.5591928958892822,0.0000000362383865,0.8290376663208008,1.6426291465759277,0.0000000000000000,0.0000000000000000,0.0000000000000000,1.0000000000000000
M 0.8191521167755127,0.0000000250718237,0.5735764503479004,0.5312408208847046,0.0000000000000000,1.0000000000000000,-0.0000000437113883,0.0000000000000000,-0.5735764503479004,0.0000000358062771,0.8191521167755127,1.6848806142807007,0.0000000000000000,0.0000000000000000,0.0000000000000000,1.0000000000000000
M 0.8090171217918396,0.0000000256929109,0.5877853035926819,0.5610122680664062,0.0000000000000000,1.0000000000000000,-0.0000000437113883,0.0000000000000000,-0.5877853035926819,0.0000000353632608,0.8090171217918396,1.7266192436218262,0.0000000000000000,0.0000000000000000,0.0000000000000000,1.0000000000000000
M 0.7986356019973755,0.0000000263061679,0.6018149852752686,0.5915080904960632,0.0000000000000000,1.0000000000000000,-0.0000000437113883,0.0000000000000000,-0.6018149852752686,0.0000000349094726,0.7986356019973755,1.7678315639495850,0.0000000000000000,0.0000000000000000,0.0000000000000000,1.0000000000000000
