O wheel_6
A wheel_6
M 1.0000000000000000,0.0000000000000000,0.0000000000000000,0.0000000000000000,0.0000000000000000,1.0000000000000000,-0.0000000437113883,0.0000000149011612,-0.0000000000000000,0.0000000437113883,1.0000000000000000,-0.0000000596046448,0.0000000000000000,0.0000000000000000,0.0000000000000000,1.0000000000000000
M 0.9998476505279541,0.0000000007628643,0.0174522995948792,-0.0001688003540039,0.0000000000000000,1.0000000000000000,-0.0000000437113883,0.0000000149011612,-0.0174522995948792,0.0000000437047305,0.9998476505279541,-0.0510064363479614,0.0000000000000000,0.0000000000000000,0.0000000000000000,1.0000000000000000
M 0.9993907809257507,0.0000000015255071,0.0348995327949524,-0.0013695955276489,0.0000000000000000,1.0000000000000000,-0.0000000437113883,0.0000000149011612,-0.0348995327949524,0.0000000436847571,0.9993907809257507,-0.1021304726600647,0.0000000000000000,0.0000000000000000,0.0000000000000000,1.0000000000000000
M 0.9986295104026794,0.0000000022876729,0.0523358583450317,-0.0036035776138306,0.0000000000000000,1.0000000000000000,-0.0000000437113883,0.0000000149011612,-0.0523358583450317,0.0000000436514824,0.9986295104026794,-0.1533521115779877,0.0000000000000000,0.0000000000000000,0.0000000000000000,1.0000000000000000
M 0.9975640177726746,0.0000000030491538,0.0697565078735352,-0.0068728923797607,0.0000000000000000,1.0000000000000000,-0.0000000437113883,0.0000000149011612,-0.0697565078735352,0.0000000436049064,0.9975640177726746,-0.2046552002429962,0.0000000000000000,0.0000000000000000,0.0000000000000000,1.0000000000000000
M 0.9961947202682495,0.0000000038096979,0.0871557295322418,-0.0111781358718872,0.0000000000000000,1.0000000000000000,-0.0000000437113883,0.0000000149011612,-0.0871557295322418,0.0000000435450538,0.9961947202682495,-0.2560199201107025,0.0000000000000000,0.0000000000000000,0.0000000000000000,1.0000000000000000
M 0.9945218563079834,0.0000000045690789,0.1045283377170563,-0.0157921314239502,0.0000000000000000,1.0000000000000000,-0.0000000437113883,0.0000000149011612,-0.1045283377170563,0.0000000434719318,0.9945218563079834,-0.3068175911903381,0.0000000000000000,0.0000000000000000,0.0000000000000000,1.0000000000000000
M 0.9925461411476135,0.0000000053270788,0.1218693554401398,-0.0214437246322632,0.0000000000000000,1.0000000000000000,-0.0000000437113883,0.0000000149011612,-0.1218693554401398,0.0000000433855689,0.9925461411476135,-0.3576423525810242,0.0000000000000000,0.0000000000000000,0.0000000000000000,1.0000000000000000
M 0.9902681112289429,0.0000000060834462,0.1391730308532715,-0.0281335115432739,0.0000000000000000,1.0000000000000000,-0.0000000437113883,0.0000000149011612,-0.1391730308532715,0.0000000432859935,0.9902681112289429,-0.4084744751453400,0.0000000000000000,0.0000000000000000,0.0000000000000000,1.0000000000000000
M 0.9876883029937744,0.0000000068379693,0.1564345061779022,-0.0358612537384033,0.0000000000000000,1.0000000000000000,-0.0000000437113883,0.0000000149011612,-0.1564345061779022,0.0000000431732268,0.9876883029937744,-0.4592973291873932,0.0000000000000000,0.0000000000000000,0.0000000000000000,1.0000000000000000
M 0.9848077893257141,0.0000000075904021,0.1736481487751007,-0.0446271896362305,0.0000000000000000,1.0000000000000000,-0.0000000437113883,0.0000000149011612,-0.1736481487751007,0.0000000430473150,0.9848077893257141,-0.5100914239883423,0.0000000000000000,0.0000000000000000,0.0000000000000000,1.0000000000000000
M 0.9816271662712097,0.0000000083405176,0.1908088028430939,-0.0536508560180664,0.0000000000000000,1.0000000000000000,-0.0000000437113883,0.0000000149011612,-0.1908088028430939,0.0000000429082867,0.9816271662712097,-0.5602934956550598,0.0000000000000000,0.0000000000000000,0.0000000000000000,1.0000000000000000
M 0.9781476259231567,0.0000000090881107,0.2079117298126221,-0.0637106895446777,0.0000000000000000,1.0000000000000000,-0.0000000437113883,0.0000000149011612,-0.2079117298126221,0.0000000427561915,0.9781476259231567,-0.6104325056076050,0.0000000000000000,0.0000000000000000,0.0000000000000000,1.0000000000000000
M 0.9743700623512268,0.0000000098329176,0.2249509394168854,-0.0748054981231689,0.0000000000000000,1.0000000000000000,-0.0000000437113883,0.0000000149011612,-0.2249509394168854,0.0000000425910684,0.9743700623512268,-0.6604878902435303,0.0000000000000000,0.0000000000000000,0.0000000000000000,1.0000000000000000
M 0.9702956676483154,0.0000000105747420,0.2419219017028809,-0.0869337320327759,0.0000000000000000,1.0000000000000000,-0.0000000437113883,0.0000000149011612,-0.2419219017028809,0.0000000424129709,0.9702956676483154,-0.7104438543319702,0.0000000000000000,0.0000000000000000,0.0000000000000000,1.0000000000000000
M 0.9659258127212524,0.0000000113133369,0.2588189840316772,-0.1000928878784180,0.0000000000000000,1.0000000000000000,-0.0000000437113883,0.0000000149011612,-0.2588189840316772,0.0000000422219593,0.9659258127212524,-0.7602808475494385,0.0000000000000000,0.0000000000000000,0.0000000000000000,1.0000000000000000
M 0.9612617492675781,0.0000000120484840,0.2756371796131134,-0.1134576797485352,0.0000000000000000,1.0000000000000000,-0.0000000437113883,0.0000000149011612,-0.2756371796131134,0.0000000420180868,0.9612617492675781,-0.8095055818557739,0.0000000000000000,0.0000000000000000,0.0000000000000000,1.0000000000000000
M 0.9563047885894775,0.0000000127799726,0.2923716902732849,-0.1278491020202637,0.0000000000000000,1.0000000000000000,-0.0000000437113883,0.0000000149011612,-0.2923716902732849,0.0000000418014103,0.9563047885894775,-0.8585767149925232,0.0000000000000000,0.0000000000000000,0.0000000000000000,1.0000000000000000
M 0.9510565400123596,0.0000000135075586,0.3090169131755829,-0.1432642340660095,0.0000000000000000,1.0000000000000000,-0.0000000437113883,0.0000000149011612,-0.3090169131755829,0.0000000415720010,0.9510565400123596,-0.9074749946594238,0.0000000000000000,0.0000000000000000,0.0000000000000000,1.0000000000000000
M 0.9455185532569885,0.0000000142310368,0.3255681693553925,-0.1596999168395996,0.0000000000000000,1.0000000000000000,-0.0000000437113883,0.0000000149011612,-0.3255681693553925,0.0000000413299297,0.9455185532569885,-0.9561836719512939,0.0000000000000000,0.0000000000000000,0.0000000000000000,1.0000000000000000
M 0.9396926164627075,0.0000000149501727,0.3420200645923615,-0.1771529316902161,0.0000000000000000,1.0000000000000000,-0.0000000437113883,0.0000000149011612,-0.3420200645923615,0.0000000410752676,0.9396926164627075,-1.0046840906143188,0.0000000000000000,0.0000000000000000,0.0000000000000000,1.0000000000000000
M 0.9335804581642151,0.0000000156647531,0.3583677709102631,-0.1947571039199829,0.0000000000000000,1.0000000000000000,-0.0000000437113883,0.0000000149011612,-0.3583677709102631,0.0000000408080965,0.9335804581642151,-1.0525565147399902,0.0000000000000000,0.0000000000000000,0.0000000000000000,1.0000000000000000
M 0.9271838665008545,0.0000000163745728,0.3746065795421600,-0.2133706212043762,0.0000000000000000,1.0000000000000000,-0.0000000437113883,0.0000000149011612,-0.3746065795421600,0.0000000405284943,0.9271838665008545,-1.1001867055892944,0.0000000000000000,0.0000000000000000,0.0000000000000000,1.0000000000000000
M 0.9205049276351929,0.0000000170793957,0.3907310366630554,-0.2329888343811035,0.0000000000000000,1.0000000000000000,-0.0000000437113883,0.0000000149011612,-0.3907310366630554,0.0000000402365465,0.9205049276351929,-1.1475554704666138,0.0000000000000000,0.0000000000000000,0.0000000000000000,1.0000000000000000
M 0.9135454893112183,0.0000000177790227,0.4067366421222687,-0.2536074519157410,0.0000000000000000,1.0000000000000000,-0.0000000437113883,0.0000000149011612,-0.4067366421222687,0.0000000399323419,0.9135454893112183,-1.1946463584899902,0.0000000000000000,0.0000000000000000,0.0000000000000000,1.0000000000000000
M 0.9063078165054321,0.0000000184732265,0.4226181507110596,-0.2752207517623901,0.0000000000000000,1.0000000000000000,-0.0000000437113883,0.0000000149011612,-0.4226181507110596,0.0000000396159727,0.9063078165054321,-1.2414408922195435,0.0000000000000000,0.0000000000000000,0.0000000000000000,1.0000000000000000
M 0.8987941741943359,0.0000000191618046,0.4383709728717804,-0.2969303131103516,0.0000000000000000,1.0000000000000000,-0.0000000437113883,0.0000000149011612,-0.4383709728717804,0.0000000392875421,0.8987941741943359,-1.2875971794128418,0.0000000000000000,0.0000000000000000,0.0000000000000000,1.0000000000000000
M 0.8910065293312073,0.0000000198445544,0.4539904892444611,-0.3196243643760681,0.0000000000000000,1.0000000000000000,-0.0000000437113883,0.0000000149011612,-0.4539904892444611,0.0000000389471317,0.8910065293312073,-1.3334238529205322,0.0000000000000000,0.0000000000000000,0.0000000000000000,1.0000000000000000
M 0.8829476237297058,0.0000000205212469,0.4694713950157166,-0.3432961106300354,0.0000000000000000,1.0000000000000000,-0.0000000437113883,0.0000000149011612,-0.4694713950157166,0.0000000385948660,0.8829476237297058,-1.3789021968841553,0.0000000000000000,0.0000000000000000,0.0000000000000000,1.0000000000000000
M 0.8746196627616882,0.0000000211916991,0.4848095774650574,-0.3679408431053162,0.0000000000000000,1.0000000000000000,-0.0000000437113883,0.0000000149011612,-0.4848095774650574,0.0000000382308407,0.8746196627616882,-1.4240169525146484,0.0000000000000000,0.0000000000000000,0.0000000000000000,1.0000000000000000
M 0.8660254478454590,0.0000000218556888,0.4999998807907104,-0.3935502767562866,0.0000000000000000,1.0000000000000000,-0.0000000437113883,0.0000000149011612,-0.4999998807907104,0.0000000378551732,0.8660254478454590,-1.4687497615814209,0.0000000000000000,0.0000000000000000,0.0000000000000000,1.0000000000000000
M 0.8571674227714539,0.0000000225130208,0.5150378942489624,-0.4192002415657043,0.0000000000000000,1.0000000000000000,-0.0000000437113883,0.0000000149011612,-0.5150378942489624,0.0000000374679772,0.8571674227714539,-1.5128380060195923,0.0000000000000000,0.0000000000000000,0.0000000000000000,1.0000000000000000
M 0.8480480909347534,0.0000000231635067,0.5299192667007446,-0.4458015263080597,0.0000000000000000,1.0000000000000000,-0.0000000437113883,0.0000000149011612,-0.5299192667007446,0.0000000370693591,0.8480480909347534,-1.5565125942230225,0.0000000000000000,0.0000000000000000,0.0000000000000000,1.0000000000000000
M 0.8386706709861755,0.0000000238069209,0.5446388721466064,-0.4733473956584930,0.0000000000000000,1.0000000000000000,-0.0000000437113883,0.0000000149011612,-0.5446388721466064,0.0000000366594577,0.8386706709861755,-1.5997548103332520,0.0000000000000000,0.0000000000000000,0.0000000000000000,1.0000000000000000
M 0.8290376067161560,0.0000000244430982,0.5591928958892822,-0.5018299818038940,0.0000000000000000,1.0000000000000000,-0.0000000437113883,0.0000000149011612,-0.5591928958892822,0.0000000362383830,0.8290376067161560,-1.6425501108169556,0.0000000000000000,0.0000000000000000,0.0000000000000000,1.0000000000000000
M 0.8191521167755127,0.0000000250718184,0.5735763311386108,-0.5312409996986389,0.0000000000000000,1.0000000000000000,-0.0000000437113883,0.0000000149011612,-0.5735763311386108,0.0000000358062771,0.8191521167755127,-1.6848804950714111,0.0000000000000000,0.0000000000000000,0.0000000000000000,1.0000000000000000
M 0.8090171813964844,0.0000000256929020,0.5877850651741028,-0.5606353282928467,0.0000000000000000,1.0000000000000000,-0.0000000437113883,0.0000000149011612,-0.5877850651741028,0.0000000353632643,0.8090171813964844,-1.7265657186508179,0.0000000000000000,0.0000000000000000,0.0000000000000000,1.0000000000000000
M 0.7986356019973755,0.0000000263061679,0.6018149852752686,-0.5909423828125000,0.0000000000000000,1.0000000000000000,-0.0000000437113883,0.0000000149011612,-0.6018149852752686,0.0000000349094726,0.7986356019973755,-1.7677553892135620,0.0000000000000000,0.0000000000000000,0.0000000000000000,1.0000000000000000
M 0.7880108356475830,0.0000000269114118,0.6156613230705261,-0.6221520900726318,0.0000000000000000,1.0000000000000000,-0.0000000437113883,0.0000000149011612,-0.6156613230705261,0.0000000344450477,0.7880108356475830,-1.8084321022033691,0.0000000000000000,0.0000000000000000,0.0000000000000000,1.0000000000000000
M 0.7771459817886353,0.0000000275084648,0.6293203234672546,-0.6542559862136841,0.0000000000000000,1.0000000000000000,-0.0000000437113883,0.0000000149011612,-0.6293203234672546,0.0000000339701280,0.7771459817886353,-1.8485821485519409,0.0000000000000000,0.0000000000000000,0.0000000000000000,1.0000000000000000
M 0.7660445570945740,0.0000000280971353,0.6427875161170959,-0.6872442960739136,0.0000000000000000,1.0000000000000000,-0.0000000437113883,0.0000000149011612,-0.6427875161170959,0.0000000334848700,0.7660445570945740,-1.8881882429122925,0.0000000000000000,0.0000000000000000,0.0000000000000000,1.0000000000000000
M 0.7547096014022827,0.0000000286772508,0.6560590267181396,-0.7201607227325439,0.0000000000000000,1.0000000000000000,-0.0000000437113883,0.0000000149011612,-0.6560590267181396,0.0000000329894050,0.7547096014022827,-1.9271535873413086,0.0000000000000000,0.0000000000000000,0.0000000000000000,1.0000000000000000
M 0.7431448698043823,0.0000000292486231,0.6691305041313171,-0.7539415955543518,0.0000000000000000,1.0000000000000000,-0.0000000437113883,0.0000000149011612,-0.6691305041313171,0.0000000324838929,0.7431448698043823,-1.9655444622039795,0.0000000000000000,0.0000000000000000,0.0000000000000000,1.0000000000000000
M 0.7313536405563354,0.0000000298110940,0.6819983720779419,-0.7885782122612000,0.0000000000000000,1.0000000000000000,-0.0000000437113883,0.0000000149011612,-0.6819983720779419,0.0000000319684830,0.7313536405563354,-2.0033471584320068,0.0000000000000000,0.0000000000000000,0.0000000000000000,1.0000000000000000
M 0.7193398475646973,0.0000000303644789,0.6946582794189453,-0.8240588903427124,0.0000000000000000,1.0000000000000000,-0.0000000437113883,0.0000000149011612,-0.6946582794189453,0.0000000314433422,0.7193398475646973,-2.0405454635620117,0.0000000000000000,0.0000000000000000,0.0000000000000000,1.0000000000000000
M 0.7071067094802856,0.0000000309086197,0.7071068286895752,-0.8603741526603699,0.0000000000000000,1.0000000000000000,-0.0000000437113883,0.0000000149011612,-0.7071068286895752,0.0000000309086161,0.7071067094802856,-2.0771262645721436,0.0000000000000000,0.0000000000000000,0.0000000000000000,1.0000000000000000
M 0.6946582198143005,0.0000000314433457,0.7193399071693420,-0.8965611457824707,0.0000000000000000,1.0000000000000000,-0.0000000437113883,0.0000000149011612,-0.7193399071693420,0.0000000303644754,0.6946582198143005,-2.1130745410919189,0.0000000000000000,0.0000000000000000,0.0000000000000000,1.0000000000000000
M 0.6819982528686523,0.0000000319684865,0.7313537597656250,-0.9335596561431885,0.0000000000000000,1.0000000000000000,-0.0000000437113883,0.0000000149011612,-0.7313537597656250,0.0000000298110905,0.6819982528686523,-2.1483750343322754,0.0000000000000000,0.0000000000000000,0.0000000000000000,1.0000000000000000
M 0.6691303849220276,0.0000000324838965,0.7431449294090271,-0.9713590741157532,0.0000000000000000,1.0000000000000000,-0.0000000437113883,0.0000000149011612,-0.7431449294090271,0.0000000292486177,0.6691303849220276,-2.1830151081085205,0.0000000000000000,0.0000000000000000,0.0000000000000000,1.0000000000000000
M 0.6560589075088501,0.0000000329894085,0.7547096610069275,-1.0099469423294067,0.0000000000000000,1.0000000000000000,-0.0000000437113883,0.0000000149011612,-0.7547096610069275,0.0000000286772455,0.6560589075088501,-2.2169795036315918,0.0000000000000000,0.0000000000000000,0.0000000000000000,1.0000000000000000
M 0.6427873969078064,0.0000000334848735,0.7660446166992188,-1.0493123531341553,0.0000000000000000,1.0000000000000000,-0.0000000437113883,0.0000000149011612,-0.7660446166992188,0.0000000280971300,0.6427873969078064,-2.2502562999725342,0.0000000000000000,0.0000000000000000,0.0000000000000000,1.0000000000000000
M 0.6293200254440308,0.0000000339701387,0.7771462202072144,-1.0884947776794434,0.0000000000000000,1.0000000000000000,-0.0000000437113883,0.0000000149011612,-0.7771462202072144,0.0000000275084524,0.6293200254440308,-2.2829134464263916,0.0000000000000000,0.0000000000000000,0.0000000000000000,1.0000000000000000
M 0.6156612038612366,0.0000000344450513,0.7880109548568726,-1.1284290552139282,0.0000000000000000,1.0000000000000000,-0.0000000437113883,0.0000000149011612,-0.7880109548568726,0.0000000269114064,0.6156612038612366,-2.3148553371429443,0.0000000000000000,0.0000000000000000,0.0000000000000000,1.0000000000000000
M 0.6018146276473999,0.0000000349094798,0.7986357808113098,-1.1691038608551025,0.0000000000000000,1.0000000000000000,-0.0000000437113883,0.0000000149011612,-0.7986357808113098,0.0000000263061537,0.6018146276473999,-2.3460690975189209,0.0000000000000000,0.0000000000000000,0.0000000000000000,1.0000000000000000
M 0.5877849459648132,0.0000000353632643,0.8090171813964844,-1.2105051279067993,0.0000000000000000,1.0000000000000000,-0.0000000437113883,0.0000000149011612,-0.8090171813964844,0.0000000256928967,0.5877849459648132,-2.3765413761138916,0.0000000000000000,0.0000000000000000,0.0000000000000000,1.0000000000000000
M 0.5735759735107422,0.0000000358062842,0.8191522955894470,-1.2526210546493530,0.0000000000000000,1.0000000000000000,-0.0000000437113883,0.0000000149011612,-0.8191522955894470,0.0000000250718024,0.5735759735107422,-2.4062602519989014,0.0000000000000000,0.0000000000000000,0.0000000000000000,1.0000000000000000
M 0.5591923594474792,0.0000000362383972,0.8290379047393799,-1.2945003509521484,0.0000000000000000,1.0000000000000000,-0.0000000437113883,0.0000000149011612,-0.8290379047393799,0.0000000244430751,0.5591923594474792,-2.4353785514831543,0.0000000000000000,0.0000000000000000,0.0000000000000000,1.0000000000000000
M 0.5446385741233826,0.0000000366594683,0.8386708498001099,-1.3370667695999146,0.0000000000000000,1.0000000000000000,-0.0000000437113883,0.0000000149011612,-0.8386708498001099,0.0000000238069084,0.5446385741233826,-2.4637179374694824,0.0000000000000000,0.0000000000000000,0.0000000000000000,1.0000000000000000
M 0.5299186706542969,0.0000000370693733,0.8480484485626221,-1.3803073167800903,0.0000000000000000,1.0000000000000000,-0.0000000437113883,0.0000000149011612,-0.8480484485626221,0.0000000231634800,0.5299186706542969,-2.4912676811218262,0.0000000000000000,0.0000000000000000,0.0000000000000000,1.0000000000000000
M 0.5150375962257385,0.0000000374679843,0.8571676015853882,-1.4242067337036133,0.0000000000000000,1.0000000000000000,-0.0000000437113883,0.0000000149011612,-0.8571676015853882,0.0000000225130083,0.5150375962257385,-2.5180158615112305,0.0000000000000000,0.0000000000000000,0.0000000000000000,1.0000000000000000
M 0.4999993443489075,0.0000000378551910,0.8660258054733276,-1.4687523841857910,0.0000000000000000,1.0000000000000000,-0.0000000437113883,0.0000000149011612,-0.8660258054733276,0.0000000218556657,0.4999993443489075,-2.5439510345458984,0.0000000000000000,0.0000000000000000,0.0000000000000000,1.0000000000000000
M 0.4848088622093201,0.0000000382308585,0.8746200799942017,-1.5130105018615723,0.0000000000000000,1.0000000000000000,-0.0000000437113883,0.0000000149011612,-0.8746200799942017,0.0000000211916689,0.4848088622093201,-2.5693082809448242,0.0000000000000000,0.0000000000000000,0.0000000000000000,1.0000000000000000
M 0.4694708585739136,0.0000000385948802,0.8829479217529297,-1.5578844547271729,0.0000000000000000,1.0000000000000000,-0.0000000437113883,0.0000000149011612,-0.8829479217529297,0.0000000205212238,0.4694708585739136,-2.5938301086425781,0.0000000000000000,0.0000000000000000,0.0000000000000000,1.0000000000000000
M 0.4539896845817566,0.0000000389471495,0.8910069465637207,-1.6033618450164795,0.0000000000000000,1.0000000000000000,-0.0000000437113883,0.0000000149011612,-0.8910069465637207,0.0000000198445189,0.4539896845817566,-2.6175067424774170,0.0000000000000000,0.0000000000000000,0.0000000000000000,1.0000000000000000
M 0.4383704066276550,0.0000000392875528,0.8987944126129150,-1.6494252681732178,0.0000000000000000,1.0000000000000000,-0.0000000437113883,0.0000000149011612,-0.8987944126129150,0.0000000191617797,0.4383704066276550,-2.6403267383575439,0.0000000000000000,0.0000000000000000,0.0000000000000000,1.0000000000000000
M 0.4226173758506775,0.0000000396159869,0.9063081741333008,-1.6960619688034058,0.0000000000000000,1.0000000000000000,-0.0000000437113883,0.0000000149011612,-0.9063081741333008,0.0000000184731928,0.4226173758506775,-2.6622807979583740,0.0000000000000000,0.0000000000000000,0.0000000000000000,1.0000000000000000
M 0.4067356586456299,0.0000000399323561,0.9135458469390869,-1.7423617839813232,0.0000000000000000,1.0000000000000000,-0.0000000437113883,0.0000000149011612,-0.9135458469390869,0.0000000177789801,0.4067356586456299,-2.6836843490600586,0.0000000000000000,0.0000000000000000,0.0000000000000000,1.0000000000000000
M 0.3907302320003510,0.0000000402365607,0.9205052256584167,-1.7892024517059326,0.0000000000000000,1.0000000000000000,-0.0000000437113883,0.0000000149011612,-0.9205052256584167,0.0000000170793601,0.3907302320003510,-2.7042016983032227,0.0000000000000000,0.0000000000000000,0.0000000000000000,1.0000000000000000
M 0.3746055364608765,0.0000000405285157,0.9271843433380127,-1.8365697860717773,0.0000000000000000,1.0000000000000000,-0.0000000437113883,0.0000000149011612,-0.9271843433380127,0.0000000163745284,0.3746055364608765,-2.7238245010375977,0.0000000000000000,0.0000000000000000,0.0000000000000000,1.0000000000000000
M 0.3583669662475586,0.0000000408081178,0.9335808753967285,-1.8844472169876099,0.0000000000000000,1.0000000000000000,-0.0000000437113883,0.0000000149011612,-0.9335808753967285,0.0000000156647175,0.3583669662475586,-2.7425427436828613,0.0000000000000000,0.0000000000000000,0.0000000000000000,1.0000000000000000
M 0.3420190215110779,0.0000000410752854,0.9396929740905762,-1.9328199625015259,0.0000000000000000,1.0000000000000000,-0.0000000437113883,0.0000000149011612,-0.9396929740905762,0.0000000149501265,0.3420190215110779,-2.7603487968444824,0.0000000000000000,0.0000000000000000,0.0000000000000000,1.0000000000000000
M 0.3255668580532074,0.0000000413299475,0.9455189704895020,-1.9808087348937988,0.0000000000000000,1.0000000000000000,-0.0000000437113883,0.0000000149011612,-0.9455189704895020,0.0000000142309791,0.3255668580532074,-2.7776355743408203,0.0000000000000000,0.0000000000000000,0.0000000000000000,1.0000000000000000
M 0.3090158700942993,0.0000000415720152,0.9510568380355835,-2.0292592048645020,0.0000000000000000,1.0000000000000000,-0.0000000437113883,0.0000000149011612,-0.9510568380355835,0.0000000135075124,0.3090158700942993,-2.7939922809600830,0.0000000000000000,0.0000000000000000,0.0000000000000000,1.0000000000000000
M 0.2923704087734222,0.0000000418014245,0.9563051462173462,-2.0781569480895996,0.0000000000000000,1.0000000000000000,-0.0000000437113883,0.0000000149011612,-0.9563051462173462,0.0000000127799167,0.2923704087734222,-2.8094120025634766,0.0000000000000000,0.0000000000000000,0.0000000000000000,1.0000000000000000
M 0.2756361365318298,0.0000000420180974,0.9612619876861572,-2.1274836063385010,0.0000000000000000,1.0000000000000000,-0.0000000437113883,0.0000000149011612,-0.9612619876861572,0.0000000120484378,0.2756361365318298,-2.8238863945007324,0.0000000000000000,0.0000000000000000,0.0000000000000000,1.0000000000000000
M 0.2588176727294922,0.0000000422219735,0.9659261703491211,-2.1772239208221436,0.0000000000000000,1.0000000000000000,-0.0000000437113883,0.0000000149011612,-0.9659261703491211,0.0000000113132801,0.2588176727294922,-2.8374085426330566,0.0000000000000000,0.0000000000000000,0.0000000000000000,1.0000000000000000
M 0.2419203817844391,0.0000000424129851,0.9702960252761841,-2.2265369892120361,0.0000000000000000,1.0000000000000000,-0.0000000437113883,0.0000000149011612,-0.9702960252761841,0.0000000105746754,0.2419203817844391,-2.8504471778869629,0.0000000000000000,0.0000000000000000,0.0000000000000000,1.0000000000000000
M 0.2249496281147003,0.0000000425910827,0.9743703603744507,-2.2762289047241211,0.0000000000000000,1.0000000000000000,-0.0000000437113883,0.0000000149011612,-0.9743703603744507,0.0000000098328607,0.2249496281147003,-2.8625190258026123,0.0000000000000000,0.0000000000000000,0.0000000000000000,1.0000000000000000
M 0.2079101204872131,0.0000000427562021,0.9781479239463806,-2.3262839317321777,0.0000000000000000,1.0000000000000000,-0.0000000437113883,0.0000000149011612,-0.9781479239463806,0.0000000090880397,0.2079101204872131,-2.8736186027526855,0.0000000000000000,0.0000000000000000,0.0000000000000000,1.0000000000000000
M 0.1908075213432312,0.0000000429082974,0.9816274046897888,-2.3766844272613525,0.0000000000000000,1.0000000000000000,-0.0000000437113883,0.0000000149011612,-0.9816274046897888,0.0000000083404617,0.1908075213432312,-2.8837385177612305,0.0000000000000000,0.0000000000000000,0.0000000000000000,1.0000000000000000
M 0.1736465394496918,0.0000000430473257,0.9848080277442932,-2.4274141788482666,0.0000000000000000,1.0000000000000000,-0.0000000437113883,0.0000000149011612,-0.9848080277442932,0.0000000075903310,0.1736465394496918,-2.8928742408752441,0.0000000000000000,0.0000000000000000,0.0000000000000000,1.0000000000000000
M 0.1564327478408813,0.0000000431732374,0.9876885414123535,-2.4776756763458252,0.0000000000000000,1.0000000000000000,-0.0000000437113883,0.0000000149011612,-0.9876885414123535,0.0000000068378925,0.1564327478408813,-2.9015650749206543,0.0000000000000000,0.0000000000000000,0.0000000000000000,1.0000000000000000
M 0.1391714811325073,0.0000000432860006,0.9902682304382324,-2.5282309055328369,0.0000000000000000,1.0000000000000000,-0.0000000437113883,0.0000000149011612,-0.9902682304382324,0.0000000060833787,0.1391714811325073,-2.9092600345611572,0.0000000000000000,0.0000000000000000,0.0000000000000000,1.0000000000000000
M 0.1218675374984741,0.0000000433855760,0.9925463199615479,-2.5790629386901855,0.0000000000000000,1.0000000000000000,-0.0000000437113883,0.0000000149011612,-0.9925463199615479,0.0000000053269993,0.1218675374984741,-2.9159545898437500,0.0000000000000000,0.0000000000000000,0.0000000000000000,1.0000000000000000
M 0.1045267283916473,0.0000000434719425,0.9945220947265625,-2.6301536560058594,0.0000000000000000,1.0000000000000000,-0.0000000437113883,0.0000000149011612,-0.9945220947265625,0.0000000045690083,0.1045267283916473,-2.9216437339782715,0.0000000000000000,0.0000000000000000,0.0000000000000000,1.0000000000000000
M 0.0871539711952209,0.0000000435450609,0.9961948394775391,-2.6814866065979004,0.0000000000000000,1.0000000000000000,-0.0000000437113883,0.0000000149011612,-0.9961948394775391,0.0000000038096211,0.0871539711952209,-2.9263229370117188,0.0000000000000000,0.0000000000000000,0.0000000000000000,1.0000000000000000
M 0.0697549879550934,0.0000000436049099,0.9975640773773193,-2.7323131561279297,0.0000000000000000,1.0000000000000000,-0.0000000437113883,0.0000000149011612,-0.9975640773773193,0.0000000030490874,0.0697549879550934,-2.9305999279022217,0.0000000000000000,0.0000000000000000,0.0000000000000000,1.0000000000000000
M 0.0523347854614258,0.0000000436514860,0.9986295700073242,-2.7833452224731445,0.0000000000000000,1.0000000000000000,-0.0000000437113883,0.0000000149011612,-0.9986295700073242,0.0000000022876261,0.0523347854614258,-2.9338591098785400,0.0000000000000000,0.0000000000000000,0.0000000000000000,1.0000000000000000
M 0.0348986983299255,0.0000000436847607,0.9993908405303955,-2.8345658779144287,0.0000000000000000,1.0000000000000000,-0.0000000437113883,0.0000000149011612,-0.9993908405303955,0.0000000015254705,0.0348986983299255,-2.9360978603363037,0.0000000000000000,0.0000000000000000,0.0000000000000000,1.0000000000000000
M 0.0174519121646881,0.0000000437047341,0.9998477697372437,-2.8859570026397705,0.0000000000000000,1.0000000000000000,-0.0000000437113883,0.0000000149011612,-0.9998477697372437,0.0000000007628473,0.0174519121646881,-2.9373126029968262,0.0000000000000000,0.0000000000000000,0.0000000000000000,1.0000000000000000
M -0.0000001490116119,0.0000000437113847,0.9999999403953552,-2.9375009536743164,0.0000000000000000,1.0000000000000000,-0.0000000437113883,0.0000000149011612,-0.9999999403953552,-0.0000000000000065,-0.0000001490116119,-2.9374997615814209,0.0000000000000000,0.0000000000000000,0.0000000000000000,1.0000000000000000
O wheel_5
A wheel_5
M 1.0000000000000000,0.0000000000000000,0.0000000000000000,-0.0000001192092896,0.0000000000000000,1.0000000000000000,-0.0000000437113883,0.0000000149011612,-0.0000000000000000,0.0000000437113883,1.0000000000000000,0.0000000183858333,0.0000000000000000,0.0000000000000000,0.0000000000000000,1.0000000000000000
M 0.9998476505279541,0.0000000007628643,0.0174522995948792,-0.0004473924636841,0.0000000000000000,1.0000000000000000,-0.0000000437113883,0.0000000149011612,-0.0174522995948792,0.0000000437047305,0.9998476505279541,-0.0512660555541515,0.0000000000000000,0.0000000000000000,0.0000000000000000,1.0000000000000000
M 0.9993907809257507,0.0000000015255071,0.0348995327949524,-0.0017895698547363,0.0000000000000000,1.0000000000000000,-0.0000000437113883,0.0000000149011612,-0.0348995327949524,0.0000000436847571,0.9993907809257507,-0.1025173515081406,0.0000000000000000,0.0000000000000000,0.0000000000000000,1.0000000000000000
M 0.9986295104026794,0.0000000022876729,0.0523358583450317,-0.0040258169174194,0.0000000000000000,1.0000000000000000,-0.0000000437113883,0.0000000149011612,-0.0523358583450317,0.0000000436514824,0.9986295104026794,-0.1537365764379501,0.0000000000000000,0.0000000000000000,0.0000000000000000,1.0000000000000000
M 0.9975640177726746,0.0000000030491538,0.0697565078735352,-0.0071556568145752,0.0000000000000000,1.0000000000000000,-0.0000000437113883,0.0000000149011612,-0.0697565078735352,0.0000000436049064,0.9975640177726746,-0.2049097865819931,0.0000000000000000,0.0000000000000000,0.0000000000000000,1.0000000000000000
M 0.9961947202682495,0.0000000038096979,0.0871557295322418,-0.0111780166625977,0.0000000000000000,1.0000000000000000,-0.0000000437113883,0.0000000149011612,-0.0871557295322418,0.0000000435450538,0.9961947202682495,-0.2560199201107025,0.0000000000000000,0.0000000000000000,0.0000000000000000,1.0000000000000000
M 0.9945218563079834,0.0000000045690789,0.1045283377170563,-0.0160920619964600,0.0000000000000000,1.0000000000000000,-0.0000000437113883,0.0000000149011612,-0.1045283377170563,0.0000000434719318,0.9945218563079834,-0.3070519864559174,0.0000000000000000,0.0000000000000000,0.0000000000000000,1.0000000000000000
M 0.9925461411476135,0.0000000053270788,0.1218693554401398,-0.0218958854675293,0.0000000000000000,1.0000000000000000,-0.0000000437113883,0.0000000149011612,-0.1218693554401398,0.0000000433855689,0.9925461411476135,-0.3579911887645721,0.0000000000000000,0.0000000000000000,0.0000000000000000,1.0000000000000000
M 0.9902681112289429,0.0000000060834462,0.1391730308532715,-0.0285876989364624,0.0000000000000000,1.0000000000000000,-0.0000000437113883,0.0000000149011612,-0.1391730308532715,0.0000000432859935,0.9902681112289429,-0.4088207185268402,0.0000000000000000,0.0000000000000000,0.0000000000000000,1.0000000000000000
M 0.9876883029937744,0.0000000068379693,0.1564345061779022,-0.0361655950546265,0.0000000000000000,1.0000000000000000,-0.0000000437113883,0.0000000149011612,-0.1564345061779022,0.0000000431732268,0.9876883029937744,-0.4595263898372650,0.0000000000000000,0.0000000000000000,0.0000000000000000,1.0000000000000000
M 0.9848077893257141,0.0000000075904021,0.1736481487751007,-0.0446273088455200,0.0000000000000000,1.0000000000000000,-0.0000000437113883,0.0000000149011612,-0.1736481487751007,0.0000000430473150,0.9848077893257141,-0.5100913047790527,0.0000000000000000,0.0000000000000000,0.0000000000000000,1.0000000000000000
M 0.9816271662712097,0.0000000083405176,0.1908088028430939,-0.0539702177047729,0.0000000000000000,1.0000000000000000,-0.0000000437113883,0.0000000149011612,-0.1908088028430939,0.0000000429082867,0.9816271662712097,-0.5605008602142334,0.0000000000000000,0.0000000000000000,0.0000000000000000,1.0000000000000000
M 0.9781476259231567,0.0000000090881107,0.2079117298126221,-0.0641914606094360,0.0000000000000000,1.0000000000000000,-0.0000000437113883,0.0000000149011612,-0.2079117298126221,0.0000000427561915,0.9781476259231567,-0.6107406616210938,0.0000000000000000,0.0000000000000000,0.0000000000000000,1.0000000000000000
M 0.9743700623512268,0.0000000098329176,0.2249509394168854,-0.0752879381179810,0.0000000000000000,1.0000000000000000,-0.0000000437113883,0.0000000149011612,-0.2249509394168854,0.0000000425910684,0.9743700623512268,-0.6607933044433594,0.0000000000000000,0.0000000000000000,0.0000000000000000,1.0000000000000000
M 0.9702956676483154,0.0000000105747420,0.2419219017028809,-0.0872564315795898,0.0000000000000000,1.0000000000000000,-0.0000000437113883,0.0000000149011612,-0.2419219017028809,0.0000000424129709,0.9702956676483154,-0.7106455564498901,0.0000000000000000,0.0000000000000000,0.0000000000000000,1.0000000000000000
M 0.9659258127212524,0.0000000113133369,0.2588189840316772,-0.1000928878784180,0.0000000000000000,1.0000000000000000,-0.0000000437113883,0.0000000149011612,-0.2588189840316772,0.0000000422219593,0.9659258127212524,-0.7602807283401489,0.0000000000000000,0.0000000000000000,0.0000000000000000,1.0000000000000000
M 0.9612617492675781,0.0000000120484840,0.2756371796131134,-0.1137936115264893,0.0000000000000000,1.0000000000000000,-0.0000000437113883,0.0000000149011612,-0.2756371796131134,0.0000000420180868,0.9612617492675781,-0.8096842765808105,0.0000000000000000,0.0000000000000000,0.0000000000000000,1.0000000000000000
M 0.9563047885894775,0.0000000127799726,0.2923716902732849,-0.1283549070358276,0.0000000000000000,1.0000000000000000,-0.0000000437113883,0.0000000149011612,-0.2923716902732849,0.0000000418014103,0.9563047885894775,-0.8588417768478394,0.0000000000000000,0.0000000000000000,0.0000000000000000,1.0000000000000000
M 0.9510565400123596,0.0000000135075586,0.3090169131755829,-0.1437714695930481,0.0000000000000000,1.0000000000000000,-0.0000000437113883,0.0000000149011612,-0.3090169131755829,0.0000000415720010,0.9510565400123596,-0.9077371358871460,0.0000000000000000,0.0000000000000000,0.0000000000000000,1.0000000000000000
M 0.9455185532569885,0.0000000142310368,0.3255681693553925,-0.1600393056869507,0.0000000000000000,1.0000000000000000,-0.0000000437113883,0.0000000149011612,-0.3255681693553925,0.0000000413299297,0.9455185532569885,-0.9563564658164978,0.0000000000000000,0.0000000000000000,0.0000000000000000,1.0000000000000000
M 0.9396926164627075,0.0000000149501727,0.3420200645923615,-0.1771529316902161,0.0000000000000000,1.0000000000000000,-0.0000000437113883,0.0000000149011612,-0.3420200645923615,0.0000000410752676,0.9396926164627075,-1.0046839714050293,0.0000000000000000,0.0000000000000000,0.0000000000000000,1.0000000000000000
M 0.9335804581642151,0.0000000156647531,0.3583677709102631,-0.1951074600219727,0.0000000000000000,1.0000000000000000,-0.0000000437113883,0.0000000149011612,-0.3583677709102631,0.0000000408080965,0.9335804581642151,-1.0527052879333496,0.0000000000000000,0.0000000000000000,0.0000000000000000,1.0000000000000000
M 0.9271838665008545,0.0000000163745728,0.3746065795421600,-0.2138975262641907,0.0000000000000000,1.0000000000000000,-0.0000000437113883,0.0000000149011612,-0.3746065795421600,0.0000000405284943,0.9271838665008545,-1.1004066467285156,0.0000000000000000,0.0000000000000000,0.0000000000000000,1.0000000000000000
M 0.9205049276351929,0.0000000170793957,0.3907310366630554,-0.2335169315338135,0.0000000000000000,1.0000000000000000,-0.0000000437113883,0.0000000149011612,-0.3907310366630554,0.0000000402365465,0.9205049276351929,-1.1477723121643066,0.0000000000000000,0.0000000000000000,0.0000000000000000,1.0000000000000000
M 0.9135454893112183,0.0000000177790227,0.4067366421222687,-0.2539603114128113,0.0000000000000000,1.0000000000000000,-0.0000000437113883,0.0000000149011612,-0.4067366421222687,0.0000000399323419,0.9135454893112183,-1.1947888135910034,0.0000000000000000,0.0000000000000000,0.0000000000000000,1.0000000000000000
M 0.9063078165054321,0.0000000184732265,0.4226181507110596,-0.2752208709716797,0.0000000000000000,1.0000000000000000,-0.0000000437113883,0.0000000149011612,-0.4226181507110596,0.0000000396159727,0.9063078165054321,-1.2414407730102539,0.0000000000000000,0.0000000000000000,0.0000000000000000,1.0000000000000000
M 0.8987941741943359,0.0000000191618046,0.4383709728717804,-0.2972923517227173,0.0000000000000000,1.0000000000000000,-0.0000000437113883,0.0000000149011612,-0.4383709728717804,0.0000000392875421,0.8987941741943359,-1.2877147197723389,0.0000000000000000,0.0000000000000000,0.0000000000000000,1.0000000000000000
M 0.8910065293312073,0.0000000198445544,0.4539904892444611,-0.3201684355735779,0.0000000000000000,1.0000000000000000,-0.0000000437113883,0.0000000149011612,-0.4539904892444611,0.0000000389471317,0.8910065293312073,-1.3335969448089600,0.0000000000000000,0.0000000000000000,0.0000000000000000,1.0000000000000000
M 0.8829476237297058,0.0000000205212469,0.4694713950157166,-0.3438413739204407,0.0000000000000000,1.0000000000000000,-0.0000000437113883,0.0000000149011612,-0.4694713950157166,0.0000000385948660,0.8829476237297058,-1.3790723085403442,0.0000000000000000,0.0000000000000000,0.0000000000000000,1.0000000000000000
M 0.8746196627616882,0.0000000211916991,0.4848095774650574,-0.3683047890663147,0.0000000000000000,1.0000000000000000,-0.0000000437113883,0.0000000149011612,-0.4848095774650574,0.0000000382308407,0.8746196627616882,-1.4241280555725098,0.0000000000000000,0.0000000000000000,0.0000000000000000,1.0000000000000000
M 0.8660254478454590,0.0000000218556888,0.4999998807907104,-0.3935502767562866,0.0000000000000000,1.0000000000000000,-0.0000000437113883,0.0000000149011612,-0.4999998807907104,0.0000000378551732,0.8660254478454590,-1.4687496423721313,0.0000000000000000,0.0000000000000000,0.0000000000000000,1.0000000000000000
M 0.8571674227714539,0.0000000225130208,0.5150378942489624,-0.4195709824562073,0.0000000000000000,1.0000000000000000,-0.0000000437113883,0.0000000149011612,-0.5150378942489624,0.0000000374679772,0.8571674227714539,-1.5129235982894897,0.0000000000000000,0.0000000000000000,0.0000000000000000,1.0000000000000000
M 0.8480480909347534,0.0000000231635067,0.5299192667007446,-0.4463587105274200,0.0000000000000000,1.0000000000000000,-0.0000000437113883,0.0000000149011612,-0.5299192667007446,0.0000000370693591,0.8480480909347534,-1.5566376447677612,0.0000000000000000,0.0000000000000000,0.0000000000000000,1.0000000000000000
M 0.8386706709861755,0.0000000238069209,0.5446388721466064,-0.4739050567150116,0.0000000000000000,1.0000000000000000,-0.0000000437113883,0.0000000149011612,-0.5446388721466064,0.0000000366594577,0.8386706709861755,-1.5998766422271729,0.0000000000000000,0.0000000000000000,0.0000000000000000,1.0000000000000000
M 0.8290376067161560,0.0000000244430982,0.5591928958892822,-0.5022021532058716,0.0000000000000000,1.0000000000000000,-0.0000000437113883,0.0000000149011612,-0.5591928958892822,0.0000000362383830,0.8290376067161560,-1.6426291465759277,0.0000000000000000,0.0000000000000000,0.0000000000000000,1.0000000000000000
M 0.8191521167755127,0.0000000250718184,0.5735763311386108,-0.5312407612800598,0.0000000000000000,1.0000000000000000,-0.0000000437113883,0.0000000149011612,-0.5735763311386108,0.0000000358062771,0.8191521167755127,-1.6848803758621216,0.0000000000000000,0.0000000000000000,0.0000000000000000,1.0000000000000000
M 0.8090171813964844,0.0000000256929020,0.5877850651741028,-0.5610122680664062,0.0000000000000000,1.0000000000000000,-0.0000000437113883,0.0000000149011612,-0.5877850651741028,0.0000000353632643,0.8090171813964844,-1.7266186475753784,0.0000000000000000,0.0000000000000000,0.0000000000000000,1.0000000000000000
