O BOGEY_FRONT_2
A BOGEY_FRONT_2
M 1.0000000000000000,0.0000000000000000,0.0000000000000000,0.0000000437121628,0.0000000000000000,1.0000000000000000,-0.0000000437113883,0.0000000000000000,-0.0000000000000000,0.0000000437113883,1.0000000000000000,-0.0000000183857765,0.0000000000000000,0.0000000000000000,0.0000000000000000,1.0000000000000000
M 1.0000000000000000,-0.0000000785298013,-0.0000000054913549,0.0000000556908191,0.0000000785298084,0.9902680516242981,0.1391730606555939,0.0714114829897881,-0.0000000054913585,-0.1391730606555939,0.9902680516242981,0.0212289653718472,0.0000000000000000,0.0000000000000000,0.0000000000000000,1.0000000000000000
M 1.0000000000000000,-0.0000001555311115,-0.0000000218585043,0.0000000619449594,0.0000001555311258,0.9612616896629333,0.2756373286247253,0.1450824886560440,-0.0000000218584546,-0.2756373286247253,0.9612616896629333,0.0323127694427967,0.0000000000000000,0.0000000000000000,0.0000000000000000,1.0000000000000000
M 1.0000000000000000,-0.0000002295052042,-0.0000000487828409,0.0000000623529104,0.0000002295051900,0.9135454297065735,0.4067366123199463,0.2195791006088257,-0.0000000487828515,-0.4067366123199463,0.9135454297065735,0.0330356992781162,0.0000000000000000,0.0000000000000000,0.0000000000000000,1.0000000000000000
M 1.0000000000000000,-0.0000002990122141,-0.0000000857403819,0.0000000569066430,0.0000002990122141,0.8480480909347534,0.5299192070960999,0.2934513390064240,-0.0000000857403961,-0.5299192070960999,0.8480480909347534,0.0233836807310581,0.0000000000000000,0.0000000000000000,0.0000000000000000,1.0000000000000000
M 1.0000000000000000,-0.0000003626993248,-0.0000001320117491,0.0000000457122340,0.0000003626993248,0.7660444378852844,0.6427875757217407,0.3652613759040833,-0.0000001320117633,-0.6427875757217407,0.7660444378852844,0.0035445506218821,0.0000000000000000,0.0000000000000000,0.0000000000000000,1.0000000000000000
M 1.0000000000000000,-0.0000004193268524,-0.0000001866963402,0.0000000289875146,0.0000004193268808,0.6691306233406067,0.7431448698043823,0.4336114525794983,-0.0000001866963828,-0.7431448698043823,0.6691306233406067,-0.0260955281555653,0.0000000000000000,0.0000000000000000,0.0000000000000000,1.0000000000000000
M 1.0000000000000000,-0.0000004677927166,-0.0000002487298048,0.0000000070580413,0.0000004677927166,0.5591928958892822,0.8290376067161560,0.4971712827682495,-0.0000002487298332,-0.8290376067161560,0.5591928958892822,-0.0649596452713013,0.0000000000000000,0.0000000000000000,0.0000000000000000,1.0000000000000000
M 1.0000000000000000,-0.0000005071534588,-0.0000003169046465,-0.0000000196493275,0.0000005071535156,0.4383711814880371,0.8987940549850464,0.5547036528587341,-0.0000003169046749,-0.8987940549850464,0.4383711814880371,-0.1122913360595703,0.0000000000000000,0.0000000000000000,0.0000000000000000,1.0000000000000000
M 1.0000000000000000,-0.0000005366430855,-0.0000003898940406,-0.0000000506148083,0.0000005366431424,0.3090170025825500,0.9510565400123596,0.6050888895988464,-0.0000003898940406,-0.9510565400123596,0.3090170025825500,-0.1671693772077560,0.0000000000000000,0.0000000000000000,0.0000000000000000,1.0000000000000000
M 1.0000000000000000,-0.0000005556875635,-0.0000004662772710,-0.0000000852356976,0.0000005556876204,0.1736481487751007,0.9848077893257141,0.6473461985588074,-0.0000004662772710,-0.9848077893257141,0.1736481487751007,-0.2285256385803223,0.0000000000000000,0.0000000000000000,0.0000000000000000,1.0000000000000000
M 1.0000000000000000,-0.0000005639162168,-0.0000005445676265,-0.0000001228381024,0.0000005639162168,0.0348994210362434,0.9993908405303955,0.6806531548500061,-0.0000005445676265,-0.9993908405303955,0.0348994210362434,-0.2951658666133881,0.0000000000000000,0.0000000000000000,0.0000000000000000,1.0000000000000000
M 1.0000000000000000,-0.0000005611688607,-0.0000006232411920,-0.0000001626901280,0.0000005611688607,-0.1045284643769264,0.9945219159126282,0.7043614387512207,-0.0000006232411920,-0.9945219159126282,-0.1045284643769264,-0.3657929301261902,0.0000000000000000,0.0000000000000000,0.0000000000000000,1.0000000000000000
M 1.0000000000000000,-0.0000005474990417,-0.0000007007668046,-0.0000002040161462,0.0000005474990417,-0.2419219315052032,0.9702957272529602,0.7180095911026001,-0.0000007007668046,-0.9702957272529602,-0.2419219315052032,-0.4390322566032410,0.0000000000000000,0.0000000000000000,0.0000000000000000,1.0000000000000000
M 1.0000000000000000,-0.0000005231727300,-0.0000007756354989,-0.0000002460117798,0.0000005231726732,-0.3746066987514496,0.9271838068962097,0.7213319540023804,-0.0000007756354989,-0.9271838068962097,-0.3746066987514496,-0.5134583115577698,0.0000000000000000,0.0000000000000000,0.0000000000000000,1.0000000000000000
M 1.0000000000000000,-0.0000004886634883,-0.0000008463899803,-0.0000002878595637,0.0000004886634315,-0.5000000000000000,0.8660253882408142,0.7142639160156250,-0.0000008463899803,-0.8660253882408142,-0.5000000000000000,-0.5876223444938660,0.0000000000000000,0.0000000000000000,0.0000000000000000,1.0000000000000000
M 1.0000000000000000,-0.0000004446429216,-0.0000009116530464,-0.0000003287450738,0.0000004446429216,-0.6156613826751709,0.7880107760429382,0.6969429850578308,-0.0000009116530464,-0.7880107760429382,-0.6156613826751709,-0.6600809097290039,0.0000000000000000,0.0000000000000000,0.0000000000000000,1.0000000000000000
M 1.0000000000000000,-0.0000003919678591,-0.0000009701545878,-0.0000003678725307,0.0000003919678591,-0.7193398475646973,0.6946583390235901,0.6697063446044922,-0.0000009701545878,-0.6946583390235901,-0.7193398475646973,-0.7294238805770874,0.0000000000000000,0.0000000000000000,0.0000000000000000,1.0000000000000000
M 1.0000000000000000,-0.0000003316636992,-0.0000010207559171,-0.0000004044802324,0.0000003316636423,-0.8090170621871948,0.5877852439880371,0.6330840587615967,-0.0000010207559171,-0.5877852439880371,-0.8090170621871948,-0.7943013310432434,0.0000000000000000,0.0000000000000000,0.0000000000000000,1.0000000000000000
M 1.0000000000000000,-0.0000002649040596,-0.0000010624719380,-0.0000004378557321,0.0000002649040027,-0.8829475641250610,0.4694716036319733,0.5877891182899475,-0.0000010624719380,-0.4694716036319733,-0.8829475641250610,-0.8534504771232605,0.0000000000000000,0.0000000000000000,0.0000000000000000,1.0000000000000000
M 1.0000000000000000,-0.0000001929882245,-0.0000010944909263,-0.0000004673494800,0.0000001929881961,-0.9396926760673523,0.3420200347900391,0.5347028374671936,-0.0000010944909263,-0.3420200347900391,-0.9396926760673523,-0.9057202339172363,0.0000000000000000,0.0000000000000000,0.0000000000000000,1.0000000000000000
M 1.0000000000000000,-0.0000001173162403,-0.0000011161894236,-0.0000004923873007,0.0000001173161976,-0.9781476259231567,0.2079116553068161,0.4748587608337402,-0.0000011161894236,-0.2079116553068161,-0.9781476259231567,-0.9500930905342102,0.0000000000000000,0.0000000000000000,0.0000000000000000,1.0000000000000000
M 1.0000000000000000,-0.0000000393606960,-0.0000011271454241,-0.0000005124819609,0.0000000393606463,-0.9975640773773193,0.0697562769055367,0.4094214737415314,-0.0000011271454241,-0.0697562769055367,-0.9975640773773193,-0.9857054948806763,0.0000000000000000,0.0000000000000000,0.0000000000000000,1.0000000000000000
M 1.0000000000000000,0.0000000393606960,-0.0000011271454241,-0.0000005272422072,-0.0000000393607458,-0.9975640773773193,-0.0697563588619232,0.3396649658679962,-0.0000011271454241,0.0697563588619232,-0.9975640773773193,-1.0118640661239624,0.0000000000000000,0.0000000000000000,0.0000000000000000,1.0000000000000000
M 1.0000000000000000,0.0000001173162403,-0.0000011161894236,-0.0000005363808668,-0.0000001173162971,-0.9781475663185120,-0.2079117447137833,0.2669464945793152,-0.0000011161894236,0.2079117447137833,-0.9781475663185120,-1.0280599594116211,0.0000000000000000,0.0000000000000000,0.0000000000000000,1.0000000000000000
M 1.0000000000000000,0.0000001929882387,-0.0000010944909263,-0.0000005397200766,-0.0000001929882814,-0.9396926164627075,-0.3420201241970062,0.1926818341016769,-0.0000010944909263,0.3420201241970062,-0.9396926164627075,-1.0339777469635010,0.0000000000000000,0.0000000000000000,0.0000000000000000,1.0000000000000000
M 1.0000000000000000,0.0000002649040312,-0.0000010624719380,-0.0000005371947509,-0.0000002649040880,-0.8829475045204163,-0.4694716930389404,0.1183161586523056,-0.0000010624719380,0.4694716930389404,-0.8829475045204163,-1.0295022726058960,0.0000000000000000,0.0000000000000000,0.0000000000000000,1.0000000000000000
M 1.0000000000000000,0.0000003316636707,-0.0000010207558034,-0.0000005288540592,-0.0000003316637276,-0.8090169429779053,-0.5877853035926819,0.0452971905469894,-0.0000010207558034,0.5877853035926819,-0.8090169429779053,-1.0147206783294678,0.0000000000000000,0.0000000000000000,0.0000000000000000,1.0000000000000000
M 1.0000000000000000,0.0000003919679727,-0.0000009701544741,-0.0000005148604032,-0.0000003919680012,-0.7193396687507629,-0.6946585178375244,-0.0249540656805038,-0.0000009701544741,0.6946585178375244,-0.7193396687507629,-0.9899206757545471,0.0000000000000000,0.0000000000000000,0.0000000000000000,1.0000000000000000
M 1.0000000000000000,0.0000004446428647,-0.0000009116530464,-0.0000004954861765,-0.0000004446428932,-0.6156615614891052,-0.7880107164382935,-0.0910698994994164,-0.0000009116530464,0.7880107164382935,-0.6156615614891052,-0.9555850028991699,0.0000000000000000,0.0000000000000000,0.0000000000000000,1.0000000000000000
M 1.0000000000000000,0.0000004886634315,-0.0000008463898666,-0.0000004711083079,-0.0000004886634883,-0.4999999403953552,-0.8660254478454590,-0.1517639309167862,-0.0000008463898666,0.8660254478454590,-0.4999999403953552,-0.9123817682266235,0.0000000000000000,0.0000000000000000,0.0000000000000000,1.0000000000000000
M 1.0000000000000000,0.0000005231727300,-0.0000007756352716,-0.0000004422014399,-0.0000005231727869,-0.3746063709259033,-0.9271839857101440,-0.2058545947074890,-0.0000007756352716,0.9271839857101440,-0.3746063709259033,-0.8611520528793335,0.0000000000000000,0.0000000000000000,0.0000000000000000,1.0000000000000000
M 1.0000000000000000,0.0000005474989280,-0.0000007007668046,-0.0000004093282655,-0.0000005474990417,-0.2419219762086868,-0.9702957272529602,-0.2522888481616974,-0.0000007007668046,0.9702957272529602,-0.2419219762086868,-0.8028931617736816,0.0000000000000000,0.0000000000000000,0.0000000000000000,1.0000000000000000
M 1.0000000000000000,0.0000005611688607,-0.0000006232410783,-0.0000003731283869,-0.0000005611688607,-0.1045283824205399,-0.9945219159126282,-0.2901632785797119,-0.0000006232410783,0.9945219159126282,-0.1045283824205399,-0.7387385368347168,0.0000000000000000,0.0000000000000000,0.0000000000000000,1.0000000000000000
M 1.0000000000000000,0.0000005639162168,-0.0000005445673992,-0.0000003343065771,-0.0000005639162168,0.0348997414112091,-0.9993908405303955,-0.3187404870986938,-0.0000005445673992,0.9993908405303955,0.0348997414112091,-0.6699372529983521,0.0000000000000000,0.0000000000000000,0.0000000000000000,1.0000000000000000
M 1.0000000000000000,0.0000005556875067,-0.0000004662770152,-0.0000002936183705,-0.0000005556875067,0.1736485809087753,-0.9848076701164246,-0.3374643027782440,-0.0000004662769868,0.9848076701164246,0.1736485809087753,-0.5978282690048218,0.0000000000000000,0.0000000000000000,0.0000000000000000,1.0000000000000000
M 1.0000000000000000,0.0000005366430855,-0.0000003898939838,-0.0000002518559370,-0.0000005366430855,0.3090170919895172,-0.9510564804077148,-0.3459702730178833,-0.0000003898939553,0.9510564804077148,0.3090170919895172,-0.5238155126571655,0.0000000000000000,0.0000000000000000,0.0000000000000000,1.0000000000000000
M 1.0000000000000000,0.0000005071534019,-0.0000003169045613,-0.0000002098317964,-0.0000005071534019,0.4383713901042938,-0.8987939357757568,-0.3440928459167480,-0.0000003169045044,0.8987939357757568,0.4383713901042938,-0.4493389427661896,0.0000000000000000,0.0000000000000000,0.0000000000000000,1.0000000000000000
M 1.0000000000000000,0.0000004677926881,-0.0000002487298332,-0.0000001683642097,-0.0000004677927166,0.5591928362846375,-0.8290376067161560,-0.3318685889244080,-0.0000002487298048,0.8290376067161560,0.5591928362846375,-0.3758487105369568,0.0000000000000000,0.0000000000000000,0.0000000000000000,1.0000000000000000
M 1.0000000000000000,0.0000004193267955,-0.0000001866963117,-0.0000001282600124,-0.0000004193268239,0.6691306829452515,-0.7431447505950928,-0.3095353841781616,-0.0000001866962691,0.7431447505950928,0.6691306829452515,-0.3047747313976288,0.0000000000000000,0.0000000000000000,0.0000000000000000,1.0000000000000000
M 1.0000000000000000,0.0000003626991543,-0.0000001320116638,-0.0000000902999204,-0.0000003626991827,0.7660446166992188,-0.6427874565124512,-0.2775279581546783,-0.0000001320116496,0.6427874565124512,0.7660446166992188,-0.2375006675720215,0.0000000000000000,0.0000000000000000,0.0000000000000000,1.0000000000000000
M 1.0000000000000000,0.0000002990122141,-0.0000000857404103,-0.0000000552229409,-0.0000002990122141,0.8480480909347534,-0.5299193263053894,-0.2364693582057953,-0.0000000857403961,0.5299193263053894,0.8480480909347534,-0.1753360480070114,0.0000000000000000,0.0000000000000000,0.0000000000000000,1.0000000000000000
M 1.0000000000000000,0.0000002295051047,-0.0000000487828054,-0.0000000237115003,-0.0000002295051189,0.9135455489158630,-0.4067365229129791,-0.1871585845947266,-0.0000000487827947,0.4067365229129791,0.9135455489158630,-0.1194904521107674,0.0000000000000000,0.0000000000000000,0.0000000000000000,1.0000000000000000
M 1.0000000000000000,0.0000001555311968,-0.0000000218585186,0.0000000036207801,-0.0000001555312110,0.9612616300582886,-0.2756375372409821,-0.1305556744337082,-0.0000000218585114,0.2756375372409821,0.9612616300582886,-0.0710512921214104,0.0000000000000000,0.0000000000000000,0.0000000000000000,1.0000000000000000
M 1.0000000000000000,0.0000000785295313,-0.0000000054913052,0.0000000262422244,-0.0000000785295313,0.9902681112289429,-0.1391726583242416,-0.0677617639303207,-0.0000000054913016,0.1391726583242416,0.9902681112289429,-0.0309608280658722,0.0000000000000000,0.0000000000000000,0.0000000000000000,1.0000000000000000
M 1.0000000000000000,-0.0000000000000987,0.0000000000000000,0.0000000437121805,0.0000000000000987,1.0000000000000000,0.0000001311341578,0.0000000874230182,-0.0000000000000000,-0.0000001311341578,1.0000000000000000,0.0000000143977630,0.0000000000000000,0.0000000000000000,0.0000000000000000,1.0000000000000000
M 1.0000000000000000,-0.0000000785297303,-0.0000000054913549,0.0000000556908084,0.0000000785297232,0.9902681112289429,0.1391729116439819,0.0714114084839821,-0.0000000054913016,-0.1391729116439819,0.9902681112289429,0.0212289653718472,0.0000000000000000,0.0000000000000000,0.0000000000000000,1.0000000000000000
M 1.0000000000000000,-0.0000001555313958,-0.0000000218585612,0.0000000619449878,0.0000001555313958,0.9612615704536438,0.2756378054618835,0.1450827419757843,-0.0000000218585683,-0.2756378054618835,0.9612615704536438,0.0323127992451191,0.0000000000000000,0.0000000000000000,0.0000000000000000,1.0000000000000000
M 1.0000000000000000,-0.0000002295052894,-0.0000000487828977,0.0000000623528962,0.0000002295053037,0.9135453701019287,0.4067367911338806,0.2195792049169540,-0.0000000487829084,-0.4067367911338806,0.9135453701019287,0.0330356992781162,0.0000000000000000,0.0000000000000000,0.0000000000000000,1.0000000000000000
M 1.0000000000000000,-0.0000002990123846,-0.0000000857404956,0.0000000569066145,0.0000002990123846,0.8480479121208191,0.5299195051193237,0.2934515178203583,-0.0000000857404530,-0.5299195051193237,0.8480479121208191,0.0233836434781551,0.0000000000000000,0.0000000000000000,0.0000000000000000,1.0000000000000000
M 1.0000000000000000,-0.0000003626993248,-0.0000001320117491,0.0000000457122340,0.0000003626993248,0.7660444378852844,0.6427875757217407,0.3652613759040833,-0.0000001320117633,-0.6427875757217407,0.7660444378852844,0.0035445506218821,0.0000000000000000,0.0000000000000000,0.0000000000000000,1.0000000000000000
M 1.0000000000000000,-0.0000004193271081,-0.0000001866966244,0.0000000289874222,0.0000004193271081,0.6691301465034485,0.7431452870368958,0.4336117506027222,-0.0000001866966386,-0.7431452870368958,0.6691301465034485,-0.0260956771671772,0.0000000000000000,0.0000000000000000,0.0000000000000000,1.0000000000000000
M 1.0000000000000000,-0.0000004677928018,-0.0000002487299469,0.0000000070579844,0.0000004677928302,0.5591926574707031,0.8290377855300903,0.4971714019775391,-0.0000002487299753,-0.8290377855300903,0.5591926574707031,-0.0649597197771072,0.0000000000000000,0.0000000000000000,0.0000000000000000,1.0000000000000000
M 1.0000000000000000,-0.0000005071534588,-0.0000003169046749,-0.0000000196493417,0.0000005071535156,0.4383711218833923,0.8987940549850464,0.5547036528587341,-0.0000003169047034,-0.8987940549850464,0.4383711218833923,-0.1122913658618927,0.0000000000000000,0.0000000000000000,0.0000000000000000,1.0000000000000000
M 1.0000000000000000,-0.0000005366431424,-0.0000003898941259,-0.0000000506148510,0.0000005366431424,0.3090168237686157,0.9510565996170044,0.6050889492034912,-0.0000003898941543,-0.9510565996170044,0.3090168237686157,-0.1671694517135620,0.0000000000000000,0.0000000000000000,0.0000000000000000,1.0000000000000000
M 1.0000000000000000,-0.0000005556875635,-0.0000004662771573,-0.0000000852356408,0.0000005556875635,0.1736483275890350,0.9848077297210693,0.6473461389541626,-0.0000004662771858,-0.9848077297210693,0.1736483275890350,-0.2285255640745163,0.0000000000000000,0.0000000000000000,0.0000000000000000,1.0000000000000000
M 1.0000000000000000,-0.0000005639162168,-0.0000005445678539,-0.0000001228382160,0.0000005639162168,0.0348990075290203,0.9993908405303955,0.6806532144546509,-0.0000005445678539,-0.9993908405303955,0.0348990075290203,-0.2951660752296448,0.0000000000000000,0.0000000000000000,0.0000000000000000,1.0000000000000000
M 1.0000000000000000,-0.0000005611688607,-0.0000006232413057,-0.0000001626901849,0.0000005611688607,-0.1045286357402802,0.9945218563079834,0.7043614387512207,-0.0000006232413057,-0.9945218563079834,-0.1045286357402802,-0.3657930195331573,0.0000000000000000,0.0000000000000000,0.0000000000000000,1.0000000000000000
M 1.0000000000000000,-0.0000005474990985,-0.0000007007667477,-0.0000002040160894,0.0000005474990417,-0.2419217675924301,0.9702957272529602,0.7180095314979553,-0.0000007007667477,-0.9702957272529602,-0.2419217675924301,-0.4390321671962738,0.0000000000000000,0.0000000000000000,0.0000000000000000,1.0000000000000000
M 1.0000000000000000,-0.0000005231727300,-0.0000007756354989,-0.0000002460117798,0.0000005231726732,-0.3746066391468048,0.9271838068962097,0.7213319540023804,-0.0000007756354989,-0.9271838068962097,-0.3746066391468048,-0.5134582519531250,0.0000000000000000,0.0000000000000000,0.0000000000000000,1.0000000000000000
M 1.0000000000000000,-0.0000004886634315,-0.0000008463900372,-0.0000002878596206,0.0000004886633747,-0.5000001192092896,0.8660252690315247,0.7142638564109802,-0.0000008463900372,-0.8660252690315247,-0.5000001192092896,-0.5876224040985107,0.0000000000000000,0.0000000000000000,0.0000000000000000,1.0000000000000000
M 1.0000000000000000,-0.0000004446427795,-0.0000009116532169,-0.0000003287451875,0.0000004446427795,-0.6156617403030396,0.7880105376243591,0.6969429254531860,-0.0000009116532738,-0.7880105376243591,-0.6156617403030396,-0.6600811481475830,0.0000000000000000,0.0000000000000000,0.0000000000000000,1.0000000000000000
M 1.0000000000000000,-0.0000003919676885,-0.0000009701548151,-0.0000003678726159,0.0000003919676885,-0.7193401455879211,0.6946580410003662,0.6697062253952026,-0.0000009701548151,-0.6946580410003662,-0.7193401455879211,-0.7294241189956665,0.0000000000000000,0.0000000000000000,0.0000000000000000,1.0000000000000000
M 1.0000000000000000,-0.0000003316633865,-0.0000010207560308,-0.0000004044803745,0.0000003316633297,-0.8090174198150635,0.5877847075462341,0.6330838799476624,-0.0000010207561445,-0.5877847075462341,-0.8090174198150635,-0.7943015694618225,0.0000000000000000,0.0000000000000000,0.0000000000000000,1.0000000000000000
M 1.0000000000000000,-0.0000002649040880,-0.0000010624719380,-0.0000004378557321,0.0000002649040312,-0.8829475641250610,0.4694716632366180,0.5877891182899475,-0.0000010624719380,-0.4694716632366180,-0.8829475641250610,-0.8534504771232605,0.0000000000000000,0.0000000000000000,0.0000000000000000,1.0000000000000000
M 1.0000000000000000,-0.0000001929882529,-0.0000010944909263,-0.0000004673494800,0.0000001929882245,-0.9396926760673523,0.3420200943946838,0.5347028970718384,-0.0000010944909263,-0.3420200943946838,-0.9396926760673523,-0.9057202339172363,0.0000000000000000,0.0000000000000000,0.0000000000000000,1.0000000000000000
M 1.0000000000000000,-0.0000001173161479,-0.0000011161894236,-0.0000004923873576,0.0000001173161053,-0.9781476259231567,0.2079114913940430,0.4748587012290955,-0.0000011161894236,-0.2079114913940430,-0.9781476259231567,-0.9500931501388550,0.0000000000000000,0.0000000000000000,0.0000000000000000,1.0000000000000000
M 1.0000000000000000,-0.0000000393605966,-0.0000011271454241,-0.0000005124819609,0.0000000393605468,-0.9975640773773193,0.0697560980916023,0.4094213843345642,-0.0000011271454241,-0.0697560980916023,-0.9975640773773193,-0.9857055544853210,0.0000000000000000,0.0000000000000000,0.0000000000000000,1.0000000000000000
M 1.0000000000000000,0.0000000393610620,-0.0000011271454241,-0.0000005272422641,-0.0000000393611117,-0.9975640177726746,-0.0697570070624352,0.3396646380424500,-0.0000011271454241,0.0697570070624352,-0.9975640177726746,-1.0118641853332520,0.0000000000000000,0.0000000000000000,0.0000000000000000,1.0000000000000000
M 1.0000000000000000,0.0000001173160697,-0.0000011161894236,-0.0000005363808668,-0.0000001173161266,-0.9781476259231567,-0.2079114466905594,0.2669466733932495,-0.0000011161894236,0.2079114466905594,-0.9781476259231567,-1.0280599594116211,0.0000000000000000,0.0000000000000000,0.0000000000000000,1.0000000000000000
M 1.0000000000000000,0.0000001929887077,-0.0000010944906990,-0.0000005397200766,-0.0000001929887503,-0.9396923184394836,-0.3420209586620331,0.1926813572645187,-0.0000010944906990,0.3420209586620331,-0.9396923184394836,-1.0339777469635010,0.0000000000000000,0.0000000000000000,0.0000000000000000,1.0000000000000000
M 1.0000000000000000,0.0000002649040027,-0.0000010624719380,-0.0000005371947509,-0.0000002649040596,-0.8829475641250610,-0.4694716334342957,0.1183162033557892,-0.0000010624719380,0.4694716334342957,-0.8829475641250610,-1.0295022726058960,0.0000000000000000,0.0000000000000000,0.0000000000000000,1.0000000000000000
M 1.0000000000000000,0.0000003316637276,-0.0000010207556898,-0.0000005288540592,-0.0000003316638129,-0.8090168237686157,-0.5877854228019714,0.0452971160411835,-0.0000010207556898,0.5877854228019714,-0.8090168237686157,-1.0147206783294678,0.0000000000000000,0.0000000000000000,0.0000000000000000,1.0000000000000000
M 1.0000000000000000,0.0000003919680296,-0.0000009701543604,-0.0000005148604032,-0.0000003919680864,-0.7193395495414734,-0.6946586370468140,-0.0249541401863098,-0.0000009701543604,0.6946586370468140,-0.7193395495414734,-0.9899206161499023,0.0000000000000000,0.0000000000000000,0.0000000000000000,1.0000000000000000
M 1.0000000000000000,0.0000004446430921,-0.0000009116528190,-0.0000004954860628,-0.0000004446431205,-0.6156610846519470,-0.7880111336708069,-0.0910701975226402,-0.0000009116528190,0.7880111336708069,-0.6156610846519470,-0.9555848240852356,0.0000000000000000,0.0000000000000000,0.0000000000000000,1.0000000000000000
M 1.0000000000000000,0.0000004886636020,-0.0000008463895256,-0.0000004711081942,-0.0000004886636589,-0.4999993741512299,-0.8660258054733276,-0.1517642140388489,-0.0000008463895256,0.8660258054733276,-0.4999993741512299,-0.9123815894126892,0.0000000000000000,0.0000000000000000,0.0000000000000000,1.0000000000000000
M 1.0000000000000000,0.0000005231726163,-0.0000007756354421,-0.0000004422014968,-0.0000005231727300,-0.3746066391468048,-0.9271838665008545,-0.2058544754981995,-0.0000007756354421,0.9271838665008545,-0.3746066391468048,-0.8611521720886230,0.0000000000000000,0.0000000000000000,0.0000000000000000,1.0000000000000000
M 1.0000000000000000,0.0000005474989848,-0.0000007007666909,-0.0000004093282087,-0.0000005474990417,-0.2419217973947525,-0.9702957868576050,-0.2522889077663422,-0.0000007007666909,0.9702957868576050,-0.2419217973947525,-0.8028930425643921,0.0000000000000000,0.0000000000000000,0.0000000000000000,1.0000000000000000
M 1.0000000000000000,0.0000005611688607,-0.0000006232410215,-0.0000003731283584,-0.0000005611688607,-0.1045282036066055,-0.9945219159126282,-0.2901633083820343,-0.0000006232410215,0.9945219159126282,-0.1045282036066055,-0.7387384772300720,0.0000000000000000,0.0000000000000000,0.0000000000000000,1.0000000000000000
M 1.0000000000000000,0.0000005639162168,-0.0000005445672855,-0.0000003343065202,-0.0000005639162168,0.0348999164998531,-0.9993908405303955,-0.3187405467033386,-0.0000005445672855,0.9993908405303955,0.0348999164998531,-0.6699371337890625,0.0000000000000000,0.0000000000000000,0.0000000000000000,1.0000000000000000
M 1.0000000000000000,0.0000005556875067,-0.0000004662769300,-0.0000002936183137,-0.0000005556875067,0.1736487448215485,-0.9848076701164246,-0.3374643325805664,-0.0000004662769015,0.9848076701164246,0.1736487448215485,-0.5978282094001770,0.0000000000000000,0.0000000000000000,0.0000000000000000,1.0000000000000000
M 1.0000000000000000,0.0000005366431424,-0.0000003898941543,-0.0000002518560223,-0.0000005366431424,0.3090168237686157,-0.9510565400123596,-0.3459702432155609,-0.0000003898941259,0.9510565400123596,0.3090168237686157,-0.5238156318664551,0.0000000000000000,0.0000000000000000,0.0000000000000000,1.0000000000000000
M 1.0000000000000000,0.0000005071534588,-0.0000003169047034,-0.0000002098318816,-0.0000005071535156,0.4383711218833923,-0.8987940549850464,-0.3440928459167480,-0.0000003169046749,0.8987940549850464,0.4383711218833923,-0.4493390917778015,0.0000000000000000,0.0000000000000000,0.0000000000000000,1.0000000000000000
M 1.0000000000000000,0.0000004677926313,-0.0000002487297479,-0.0000001683641528,-0.0000004677926597,0.5591929554939270,-0.8290374875068665,-0.3318685591220856,-0.0000002487297195,0.8290374875068665,0.5591929554939270,-0.3758486509323120,0.0000000000000000,0.0000000000000000,0.0000000000000000,1.0000000000000000
M 1.0000000000000000,0.0000004193267387,-0.0000001866962265,-0.0000001282599555,-0.0000004193267387,0.6691308021545410,-0.7431446313858032,-0.3095353841781616,-0.0000001866962123,0.7431446313858032,0.6691308021545410,-0.3047746717929840,0.0000000000000000,0.0000000000000000,0.0000000000000000,1.0000000000000000
M 1.0000000000000000,0.0000003626994953,-0.0000001320119480,-0.0000000903001336,-0.0000003626995237,0.7660441398620605,-0.6427880525588989,-0.2775281667709351,-0.0000001320119338,0.6427880525588989,0.7660441398620605,-0.2375010251998901,0.0000000000000000,0.0000000000000000,0.0000000000000000,1.0000000000000000
M 1.0000000000000000,0.0000002990123562,-0.0000000857404672,-0.0000000552229942,-0.0000002990123562,0.8480479121208191,-0.5299195647239685,-0.2364694476127625,-0.0000000857404530,0.5299195647239685,0.8480479121208191,-0.1753361821174622,0.0000000000000000,0.0000000000000000,0.0000000000000000,1.0000000000000000
M 1.0000000000000000,0.0000002295047778,-0.0000000487826917,-0.0000000237113795,-0.0000002295047778,0.9135457873344421,-0.4067359268665314,-0.1871583312749863,-0.0000000487826242,0.4067359268665314,0.9135457873344421,-0.1194902211427689,0.0000000000000000,0.0000000000000000,0.0000000000000000,1.0000000000000000
M 1.0000000000000000,0.0000001555305857,-0.0000000218583480,0.0000000036209791,-0.0000001555305857,0.9612619876861572,-0.2756364345550537,-0.1305551975965500,-0.0000000218582841,0.2756364345550537,0.9612619876861572,-0.0710509046912193,0.0000000000000000,0.0000000000000000,0.0000000000000000,1.0000000000000000
M 1.0000000000000000,0.0000000785297019,-0.0000000054913620,0.0000000262421640,-0.0000000785297019,0.9902681112289429,-0.1391729563474655,-0.0677619129419327,-0.0000000054913016,0.1391729563474655,0.9902681112289429,-0.0309608839452267,0.0000000000000000,0.0000000000000000,0.0000000000000000,1.0000000000000000
M 1.0000000000000000,-0.0000000000001973,0.0000000000000000,0.0000000437121983,0.0000000000001973,1.0000000000000000,0.0000003059797109,0.0000001748460363,-0.0000000000000000,-0.0000003059797109,1.0000000000000000,0.0000000471813024,0.0000000000000000,0.0000000000000000,0.0000000000000000,1.0000000000000000
O BOGEY_FRONT_3
A BOGEY_FRONT_3
M 1.0000000000000000,0.0000000136270364,0.0000000046566124,-0.0000000074505806,0.0000000000000000,0.9999999403953552,-0.0000000437113847,0.0000000298023224,-0.0000000242143869,0.0000000472120121,0.9999999403953552,-0.0000000298023224,0.0000000000000000,0.0000000000000000,0.0000000000000000,1.0000000000000000
M 0.9986024498939514,0.0484407618641853,-0.0211337115615606,-0.0228813067078590,-0.0453129708766937,0.9905614852905273,0.1293622553348541,-0.0383354127407074,0.0272006317973137,-0.1282238364219666,0.9913721084594727,0.0826295018196106,0.0000000000000000,0.0000000000000000,0.0000000000000000,1.0000000000000000
M 0.9944369792938232,0.0990664511919022,-0.0357891283929348,-0.0493339002132416,-0.0866161957383156,0.9624297618865967,0.2573450803756714,-0.0645830184221268,0.0599387697875500,-0.2528135776519775,0.9656565189361572,0.1688392162322998,0.0000000000000000,0.0000000000000000,0.0000000000000000,1.0000000000000000
M 0.9875847697257996,0.1508917212486267,-0.0436809845268726,-0.0788429081439972,-0.1231057643890381,0.9161523580551147,0.3814573884010315,-0.0782320052385330,0.0975771769881248,-0.3713441789150238,0.9233537316322327,0.2569511830806732,0.0000000000000000,0.0000000000000000,0.0000000000000000,1.0000000000000000
M 0.9781790375709534,0.2029078155755997,-0.0446557216346264,-0.1108339801430702,-0.1540714204311371,0.8526300191879272,0.4992834925651550,-0.0790165960788727,0.1393833160400391,-0.4815085232257843,0.8652871251106262,0.3452503979206085,0.0000000000000000,0.0000000000000000,0.0000000000000000,1.0000000000000000
M 0.9664030075073242,0.2541023492813110,-0.0386943742632866,-0.1446844339370728,-0.1789104640483856,0.7730990052223206,0.6085300445556641,-0.0669215619564056,0.1845434904098511,-0.5811624526977539,0.7925868034362793,0.4320182204246521,0.0000000000000000,0.0000000000000000,0.0000000000000000,1.0000000000000000
M 0.9524857401847839,0.3034788370132446,-0.0259128864854574,-0.1797354221343994,-0.1971394419670105,0.6791075468063354,0.7070707082748413,-0.0421824008226395,0.2321786433458328,-0.6683662533760071,0.7066679000854492,0.5155657529830933,0.0000000000000000,0.0000000000000000,0.0000000000000000,1.0000000000000000
M 0.9366981983184814,0.3500762283802032,-0.0065601426176727,-0.2153047025203705,-0.2084035426378250,0.5724848508834839,0.7929874658584595,-0.0052805244922638,0.2813616394996643,-0.7414227724075317,0.6092026829719543,0.5942670106887817,0.0000000000000000,0.0000000000000000,0.0000000000000000,1.0000000000000000
M 0.9193477034568787,0.3929875791072845,0.0189872253686190,-0.2506999373435974,-0.2124835103750229,0.4553063511848450,0.8646079301834106,0.0430657267570496,0.3311351537704468,-0.7989097833633423,0.5020882487297058,0.6665898561477661,0.0000000000000000,0.0000000000000000,0.0000000000000000,1.0000000000000000
M 0.9007719159126282,0.4313776493072510,0.0502319671213627,-0.2852322459220886,-0.2092999666929245,0.3298526704311371,0.9205383062362671,0.1019153892993927,0.3805305063724518,-0.8397085666656494,0.3874093592166901,0.7311269044876099,0.0000000000000000,0.0000000000000000,0.0000000000000000,1.0000000000000000
M 0.8813323974609375,0.4644992351531982,0.0865659639239311,-0.3182294964790344,-0.1989148259162903,0.1985657066106796,0.9596897363662720,0.1701230704784393,0.4285861849784851,-0.8630249500274658,0.2673981785774231,0.7866219282150269,0.0000000000000000,0.0000000000000000,0.0000000000000000,1.0000000000000000
M 0.8614074587821960,0.4917076826095581,0.1272819936275482,-0.3490494191646576,-0.1815302520990372,0.0640007779002190,0.9813004136085510,0.2463611364364624,0.4743668437004089,-0.8684051036834717,0.1443905681371689,0.8319947123527527,0.0000000000000000,0.0000000000000000,0.0000000000000000,1.0000000000000000
M 0.8413850665092468,0.5124732851982117,0.1715874969959259,-0.3770920634269714,-0.1574846655130386,-0.0712228342890739,0.9849496483802795,0.3291456401348114,0.5169814229011536,-0.8557443618774414,0.0207808539271355,0.8663621544837952,0.0000000000000000,0.0000000000000000,0.0000000000000000,1.0000000000000000
M 0.8216547369956970,0.5263920426368713,0.2186202257871628,-0.4018117785453796,-0.1272459924221039,-0.2044733911752701,0.9705663323402405,0.4168654084205627,0.5556004643440247,-0.8252890110015869,-0.1010252460837364,0.8890553712844849,0.0000000000000000,0.0000000000000000,0.0000000000000000,1.0000000000000000
M 0.8026006817817688,0.5331929326057434,0.2674647271633148,-0.4227272570133209,-0.0914028435945511,-0.3331572115421295,0.9384304881095886,0.5078129768371582,0.5894723534584045,-0.7776319980621338,-0.2186568677425385,0.8996326327323914,0.0000000000000000,0.0000000000000000,0.0000000000000000,1.0000000000000000
M 0.7845936417579651,0.5327436923980713,0.3171702027320862,-0.4394315183162689,-0.0506528764963150,-0.4547694623470306,0.8891675472259521,0.6002181172370911,0.6179377436637878,-0.7137008309364319,-0.3298242390155792,0.8978880643844604,0.0000000000000000,0.0000000000000000,0.0000000000000000,1.0000000000000000
M 0.7679842114448547,0.5250529050827026,0.3667692542076111,-0.4515993595123291,-0.0057892352342606,-0.5669432282447815,0.8237364888191223,0.6922823190689087,0.6404426097869873,-0.6347398757934570,-0.4323637783527374,0.8838556408882141,0.0000000000000000,0.0000000000000000,0.0000000000000000,1.0000000000000000
M 0.7530955076217651,0.5102703571319580,0.4152966141700745,-0.4589940011501312,0.0423149466514587,-0.6674953699111938,0.7434105873107910,0.7822138071060181,0.6565489768981934,-0.5422859191894531,-0.5242798328399658,0.8578084111213684,0.0000000000000000,0.0000000000000000,0.0000000000000000,1.0000000000000000
M 0.7402175068855286,0.4886837601661682,0.4618075191974640,-0.4614714682102203,0.0927232354879379,-0.7544684410095215,0.6497535705566406,0.8682619333267212,0.6659432649612427,-0.4381387531757355,-0.6037830710411072,0.8202534914016724,0.0000000000000000,0.0000000000000000,0.0000000000000000,1.0000000000000000
M 0.7296007871627808,0.4607132673263550,0.5053968429565430,-0.4589835703372955,0.1444545388221741,-0.8261697888374329,0.5445883870124817,0.9487519264221191,0.6684426665306091,-0.3243252336978912,-0.6693261861801147,0.7719218134880066,0.0000000000000000,0.0000000000000000,0.0000000000000000,1.0000000000000000
M 0.7214519381523132,0.4269032478332520,0.5452162027359009,-0.4515787065029144,0.1965020596981049,-0.8812037706375122,0.4299614727497101,1.0221173763275146,0.6639984846115112,-0.2030604779720306,-0.7196335196495056,0.7137539386749268,0.0000000000000000,0.0000000000000000,0.0000000000000000,1.0000000000000000
M 0.7159296870231628,0.3879119157791138,0.5804903507232666,-0.4394010603427887,0.2478525936603546,-0.9184991121292114,0.3081045746803284,1.0869299173355103,0.6526973247528076,-0.0767051726579666,-0.7537257075309753,0.6468822956085205,0.0000000000000000,0.0000000000000000,0.0000000000000000,1.0000000000000000
M 0.7131413817405701,0.3444980084896088,0.6105329394340515,-0.4226875603199005,0.2975068390369415,-0.9373301267623901,0.1813889592885971,1.1419283151626587,0.6347590684890747,0.0522817373275757,-0.7709394097328186,0.5726081728935242,0.0000000000000000,0.0000000000000000,0.0000000000000000,1.0000000000000000
M 0.7131413817405701,0.2975067794322968,0.6347590684890747,-0.4017636477947235,0.3444980382919312,-0.9373301267623901,0.0522816553711891,1.1860419511795044,0.6105328798294067,0.1813890486955643,-0.7709393501281738,0.4923776388168335,0.0000000000000000,0.0000000000000000,0.0000000000000000,1.0000000000000000
M 0.7159296870231628,0.2478525489568710,0.6526973247528076,-0.3770364224910736,0.3879119455814362,-0.9184990525245667,-0.0767052695155144,1.2184122800827026,0.5804902911186218,0.3081046640872955,-0.7537257075309753,0.4077517688274384,0.0000000000000000,0.0000000000000000,0.0000000000000000,1.0000000000000000
M 0.7214519381523132,0.1965020149946213,0.6639984846115112,-0.3489873409271240,0.4269032776355743,-0.8812037110328674,-0.2030605375766754,1.2384092807769775,0.5452161431312561,0.4299615919589996,-0.7196335196495056,0.3203781247138977,0.0000000000000000,0.0000000000000000,0.0000000000000000,1.0000000000000000
M 0.7296007871627808,0.1444544792175293,0.6684426069259644,-0.3181621432304382,0.4607132971286774,-0.8261696696281433,-0.3243252933025360,1.2456436157226562,0.5053967833518982,0.5445884466171265,-0.6693261265754700,0.2319570481777191,0.0000000000000000,0.0000000000000000,0.0000000000000000,1.0000000000000000
M 0.7402175664901733,0.0927231833338737,0.6659432053565979,-0.2851610183715820,0.4886837601661682,-0.7544683814048767,-0.4381388127803802,1.2399747371673584,0.4618074893951416,0.6497536897659302,-0.6037830114364624,0.1442098319530487,0.0000000000000000,0.0000000000000000,0.0000000000000000,1.0000000000000000
M 0.7530955672264099,0.0423148274421692,0.6565489172935486,-0.2506261467933655,0.5102703571319580,-0.6674951314926147,-0.5422862768173218,1.2215125560760498,0.4152964949607849,0.7434108257293701,-0.5242797136306763,0.0588441044092178,0.0000000000000000,0.0000000000000000,0.0000000000000000,1.0000000000000000
M 0.7679842114448547,-0.0057891909964383,0.6404426097869873,-0.2152298837900162,0.5250528454780579,-0.5669433474540710,-0.6347398757934570,1.1906168460845947,0.3667693138122559,0.8237364292144775,-0.4323638975620270,-0.0224781632423401,0.0000000000000000,0.0000000000000000,0.0000000000000000,1.0000000000000000
M 0.7845937013626099,-0.0506528951227665,0.6179376840591431,-0.1796609163284302,0.5327436327934265,-0.4547693729400635,-0.7137008905410767,1.1478886604309082,0.3171701431274414,0.8891676068305969,-0.3298241496086121,-0.0981746762990952,0.0000000000000000,0.0000000000000000,0.0000000000000000,1.0000000000000000
M 0.8026007413864136,-0.0914029255509377,0.5894722342491150,-0.1446117162704468,0.5331929326057434,-0.3331569135189056,-0.7776321172714233,1.0941597223281860,0.2674645781517029,0.9384306073188782,-0.2186565846204758,-0.1667718887329102,0.0000000000000000,0.0000000000000000,0.0000000000000000,1.0000000000000000
M 0.8216547966003418,-0.1272459924221039,0.5556004643440247,-0.1107645779848099,0.5263920426368713,-0.2044734209775925,-0.8252890110015869,1.0304760932922363,0.2186202257871628,0.9705663919448853,-0.1010252982378006,-0.2269343137741089,0.0000000000000000,0.0000000000000000,0.0000000000000000,1.0000000000000000
M 0.8413850665092468,-0.1574846804141998,0.5169813632965088,-0.0787780433893204,0.5124732851982117,-0.0712227523326874,-0.8557443022727966,0.9580767750740051,0.1715874373912811,0.9849496483802795,0.0207809228450060,-0.2774913609027863,0.0000000000000000,0.0000000000000000,0.0000000000000000,1.0000000000000000
M 0.8614075183868408,-0.1815303117036819,0.4743666946887970,-0.0492748618125916,0.4917075932025909,0.0640010908246040,-0.8684050440788269,0.8783712387084961,0.1272818446159363,0.9813004732131958,0.1443908363580704,-0.3174588978290558,0.0000000000000000,0.0000000000000000,0.0000000000000000,1.0000000000000000
M 0.8813324570655823,-0.1989148706197739,0.4285859763622284,-0.0228292234241962,0.4644991457462311,0.1985661238431931,-0.8630248904228210,0.7929108142852783,0.0865658074617386,0.9596896767616272,0.2673985660076141,-0.3460589051246643,0.0000000000000000,0.0000000000000000,0.0000000000000000,1.0000000000000000
