O COUPLED_REAR_4_HIDE_INVERT
A COUPLED_REAR_4_HIDE_INVERT
M 0.7071067690849304,-0.0000000309086197,-0.7071067690849304,0.2928932011127472,0.0000000000000000,1.0000000000000000,-0.0000000437113883,0.0000000000000000,0.7071067690849304,0.0000000309086197,0.7071067690849304,-0.7071067690849304,0.0000000000000000,0.0000000000000000,0.0000000000000000,1.0000000000000000
M 0.7193397879600525,-0.0000000303644825,-0.6946583986282349,0.2806601822376251,0.0000000000000000,1.0000000000000000,-0.0000000437113883,0.0000000000000000,0.6946583986282349,0.0000000314433422,0.7193397879600525,-0.6946583986282349,0.0000000000000000,0.0000000000000000,0.0000000000000000,1.0000000000000000
M 0.7313537001609802,-0.0000000298110940,-0.6819983720779419,0.2686462700366974,0.0000000000000000,1.0000000000000000,-0.0000000437113883,0.0000000000000000,0.6819983720779419,0.0000000319684865,0.7313537001609802,-0.6819983720779419,0.0000000000000000,0.0000000000000000,0.0000000000000000,1.0000000000000000
M 0.7431448101997375,-0.0000000292486284,-0.6691306233406067,0.2568551599979401,0.0000000000000000,1.0000000000000000,-0.0000000437113883,0.0000000000000000,0.6691306233406067,0.0000000324838929,0.7431448101997375,-0.6691306233406067,0.0000000000000000,0.0000000000000000,0.0000000000000000,1.0000000000000000
M 0.7547096014022827,-0.0000000286772508,-0.6560590267181396,0.2452903687953949,0.0000000000000000,1.0000000000000000,-0.0000000437113883,0.0000000000000000,0.6560590267181396,0.0000000329894050,0.7547096014022827,-0.6560590267181396,0.0000000000000000,0.0000000000000000,0.0000000000000000,1.0000000000000000
M 0.7660444378852844,-0.0000000280971406,-0.6427876353263855,0.2339555323123932,0.0000000000000000,1.0000000000000000,-0.0000000437113883,0.0000000000000000,0.6427876353263855,0.0000000334848664,0.7660444378852844,-0.6427876353263855,0.0000000000000000,0.0000000000000000,0.0000000000000000,1.0000000000000000
M 0.7771459221839905,-0.0000000275084684,-0.6293203830718994,0.2228540480136871,0.0000000000000000,1.0000000000000000,-0.0000000437113883,0.0000000000000000,0.6293203830718994,0.0000000339701280,0.7771459221839905,-0.6293203830718994,0.0000000000000000,0.0000000000000000,0.0000000000000000,1.0000000000000000
M 0.7880107760429382,-0.0000000269114189,-0.6156615018844604,0.2119891941547394,0.0000000000000000,1.0000000000000000,-0.0000000437113883,0.0000000000000000,0.6156615018844604,0.0000000344450442,0.7880107760429382,-0.6156615018844604,0.0000000000000000,0.0000000000000000,0.0000000000000000,1.0000000000000000
M 0.7986354827880859,-0.0000000263061715,-0.6018150448799133,0.2013644874095917,0.0000000000000000,1.0000000000000000,-0.0000000437113883,0.0000000000000000,0.6018150448799133,0.0000000349094655,0.7986354827880859,-0.6018150448799133,0.0000000000000000,0.0000000000000000,0.0000000000000000,1.0000000000000000
M 0.8090170025825500,-0.0000000256929091,-0.5877852439880371,0.1909829676151276,0.0000000000000000,1.0000000000000000,-0.0000000437113883,0.0000000000000000,0.5877852439880371,0.0000000353632572,0.8090170025825500,-0.5877852439880371,0.0000000000000000,0.0000000000000000,0.0000000000000000,1.0000000000000000
M 0.8191520571708679,-0.0000000250718237,-0.5735764503479004,0.1808479279279709,0.0000000000000000,1.0000000000000000,-0.0000000437113883,0.0000000000000000,0.5735764503479004,0.0000000358062735,0.8191520571708679,-0.5735764503479004,0.0000000000000000,0.0000000000000000,0.0000000000000000,1.0000000000000000
M 0.8290376067161560,-0.0000000244430982,-0.5591928958892822,0.1709623783826828,0.0000000000000000,1.0000000000000000,-0.0000000437113883,0.0000000000000000,0.5591928958892822,0.0000000362383830,0.8290376067161560,-0.5591928958892822,0.0000000000000000,0.0000000000000000,0.0000000000000000,1.0000000000000000
M 0.8386705517768860,-0.0000000238069298,-0.5446390509605408,0.1613294333219528,0.0000000000000000,1.0000000000000000,-0.0000000437113883,0.0000000000000000,0.5446390509605408,0.0000000366594541,0.8386705517768860,-0.5446390509605408,0.0000000000000000,0.0000000000000000,0.0000000000000000,1.0000000000000000
M 0.8480480909347534,-0.0000000231635067,-0.5299192667007446,0.1519518941640854,0.0000000000000000,1.0000000000000000,-0.0000000437113883,0.0000000000000000,0.5299192667007446,0.0000000370693591,0.8480480909347534,-0.5299192667007446,0.0000000000000000,0.0000000000000000,0.0000000000000000,1.0000000000000000
M 0.8571673035621643,-0.0000000225130314,-0.5150381326675415,0.1428326815366745,0.0000000000000000,1.0000000000000000,-0.0000000437113883,0.0000000000000000,0.5150381326675415,0.0000000374679736,0.8571673035621643,-0.5150381326675415,0.0000000000000000,0.0000000000000000,0.0000000000000000,1.0000000000000000
M 0.8660253882408142,-0.0000000218556941,-0.5000000000000000,0.1339745968580246,0.0000000000000000,1.0000000000000000,-0.0000000437113883,0.0000000000000000,0.5000000000000000,0.0000000378551732,0.8660253882408142,-0.5000000000000000,0.0000000000000000,0.0000000000000000,0.0000000000000000,1.0000000000000000
M 0.8746197223663330,-0.0000000211917008,-0.4848096072673798,0.1253802627325058,0.0000000000000000,1.0000000000000000,-0.0000000437113883,0.0000000000000000,0.4848096072673798,0.0000000382308407,0.8746197223663330,-0.4848096072673798,0.0000000000000000,0.0000000000000000,0.0000000000000000,1.0000000000000000
M 0.8829475641250610,-0.0000000205212540,-0.4694715738296509,0.1170524209737778,0.0000000000000000,1.0000000000000000,-0.0000000437113883,0.0000000000000000,0.4694715738296509,0.0000000385948624,0.8829475641250610,-0.4694715738296509,0.0000000000000000,0.0000000000000000,0.0000000000000000,1.0000000000000000
M 0.8910065293312073,-0.0000000198445562,-0.4539905190467834,0.1089934557676315,0.0000000000000000,1.0000000000000000,-0.0000000437113883,0.0000000000000000,0.4539905190467834,0.0000000389471317,0.8910065293312073,-0.4539905190467834,0.0000000000000000,0.0000000000000000,0.0000000000000000,1.0000000000000000
M 0.8987940549850464,-0.0000000191618135,-0.4383711814880371,0.1012059301137924,0.0000000000000000,1.0000000000000000,-0.0000000437113883,0.0000000000000000,0.4383711814880371,0.0000000392875350,0.8987940549850464,-0.4383711814880371,0.0000000000000000,0.0000000000000000,0.0000000000000000,1.0000000000000000
M 0.9063077569007874,-0.0000000184732318,-0.4226182699203491,0.0936922281980515,0.0000000000000000,1.0000000000000000,-0.0000000437113883,0.0000000000000000,0.4226182699203491,0.0000000396159692,0.9063077569007874,-0.4226182699203491,0.0000000000000000,0.0000000000000000,0.0000000000000000,1.0000000000000000
M 0.9135454297065735,-0.0000000177790227,-0.4067366421222687,0.0864545553922653,0.0000000000000000,1.0000000000000000,-0.0000000437113883,0.0000000000000000,0.4067366421222687,0.0000000399323383,0.9135454297065735,-0.4067366421222687,0.0000000000000000,0.0000000000000000,0.0000000000000000,1.0000000000000000
M 0.9205048680305481,-0.0000000170793992,-0.3907311260700226,0.0794951170682907,0.0000000000000000,1.0000000000000000,-0.0000000437113883,0.0000000000000000,0.3907311260700226,0.0000000402365465,0.9205048680305481,-0.3907311260700226,0.0000000000000000,0.0000000000000000,0.0000000000000000,1.0000000000000000
M 0.9271838665008545,-0.0000000163745746,-0.3746066093444824,0.0728161185979843,0.0000000000000000,1.0000000000000000,-0.0000000437113883,0.0000000000000000,0.3746066093444824,0.0000000405284943,0.9271838665008545,-0.3746066093444824,0.0000000000000000,0.0000000000000000,0.0000000000000000,1.0000000000000000
M 0.9335803985595703,-0.0000000156647602,-0.3583679497241974,0.0664195865392685,0.0000000000000000,1.0000000000000000,-0.0000000437113883,0.0000000000000000,0.3583679497241974,0.0000000408080965,0.9335803985595703,-0.3583679497241974,0.0000000000000000,0.0000000000000000,0.0000000000000000,1.0000000000000000
M 0.9396926164627075,-0.0000000149501762,-0.3420201539993286,0.0603073686361313,0.0000000000000000,1.0000000000000000,-0.0000000437113883,0.0000000000000000,0.3420201539993286,0.0000000410752676,0.9396926164627075,-0.3420201539993286,0.0000000000000000,0.0000000000000000,0.0000000000000000,1.0000000000000000
M 0.9455185532569885,-0.0000000142310350,-0.3255681395530701,0.0544814355671406,0.0000000000000000,1.0000000000000000,-0.0000000437113883,0.0000000000000000,0.3255681395530701,0.0000000413299297,0.9455185532569885,-0.3255681395530701,0.0000000000000000,0.0000000000000000,0.0000000000000000,1.0000000000000000
M 0.9510565400123596,-0.0000000135075622,-0.3090170025825500,0.0489434488117695,0.0000000000000000,1.0000000000000000,-0.0000000437113883,0.0000000000000000,0.3090170025825500,0.0000000415720010,0.9510565400123596,-0.3090170025825500,0.0000000000000000,0.0000000000000000,0.0000000000000000,1.0000000000000000
M 0.9563047885894775,-0.0000000127799726,-0.2923716902732849,0.0436952002346516,0.0000000000000000,1.0000000000000000,-0.0000000437113883,0.0000000000000000,0.2923716902732849,0.0000000418014103,0.9563047885894775,-0.2923716902732849,0.0000000000000000,0.0000000000000000,0.0000000000000000,1.0000000000000000
M 0.9612616896629333,-0.0000000120484929,-0.2756373882293701,0.0387382991611958,0.0000000000000000,1.0000000000000000,-0.0000000437113883,0.0000000000000000,0.2756373882293701,0.0000000420180832,0.9612616896629333,-0.2756373882293701,0.0000000000000000,0.0000000000000000,0.0000000000000000,1.0000000000000000
M 0.9659258127212524,-0.0000000113133396,-0.2588190436363220,0.0340741761028767,0.0000000000000000,1.0000000000000000,-0.0000000437113883,0.0000000000000000,0.2588190436363220,0.0000000422219593,0.9659258127212524,-0.2588190436363220,0.0000000000000000,0.0000000000000000,0.0000000000000000,1.0000000000000000
M 0.9702957272529602,-0.0000000105747420,-0.2419218868017197,0.0297042634338140,0.0000000000000000,1.0000000000000000,-0.0000000437113883,0.0000000000000000,0.2419218868017197,0.0000000424129745,0.9702957272529602,-0.2419218868017197,0.0000000000000000,0.0000000000000000,0.0000000000000000,1.0000000000000000
M 0.9743700623512268,-0.0000000098329238,-0.2249510735273361,0.0256299283355474,0.0000000000000000,1.0000000000000000,-0.0000000437113883,0.0000000000000000,0.2249510735273361,0.0000000425910684,0.9743700623512268,-0.2249510735273361,0.0000000000000000,0.0000000000000000,0.0000000000000000,1.0000000000000000
M 0.9781476259231567,-0.0000000090881089,-0.2079117000102997,0.0218523666262627,0.0000000000000000,1.0000000000000000,-0.0000000437113883,0.0000000000000000,0.2079117000102997,0.0000000427561915,0.9781476259231567,-0.2079117000102997,0.0000000000000000,0.0000000000000000,0.0000000000000000,1.0000000000000000
M 0.9816271662712097,-0.0000000083405256,-0.1908089816570282,0.0183728262782097,0.0000000000000000,1.0000000000000000,-0.0000000437113883,0.0000000000000000,0.1908089816570282,0.0000000429082867,0.9816271662712097,-0.1908089816570282,0.0000000000000000,0.0000000000000000,0.0000000000000000,1.0000000000000000
M 0.9848077297210693,-0.0000000075904021,-0.1736481487751007,0.0151922637596726,0.0000000000000000,1.0000000000000000,-0.0000000437113883,0.0000000000000000,0.1736481487751007,0.0000000430473115,0.9848077297210693,-0.1736481487751007,0.0000000000000000,0.0000000000000000,0.0000000000000000,1.0000000000000000
M 0.9876883625984192,-0.0000000068379680,-0.1564344763755798,0.0123116318136454,0.0000000000000000,1.0000000000000000,-0.0000000437113883,0.0000000000000000,0.1564344763755798,0.0000000431732303,0.9876883625984192,-0.1564344763755798,0.0000000000000000,0.0000000000000000,0.0000000000000000,1.0000000000000000
M 0.9902680516242981,-0.0000000060834489,-0.1391730904579163,0.0097319427877665,0.0000000000000000,1.0000000000000000,-0.0000000437113883,0.0000000000000000,0.1391730904579163,0.0000000432859899,0.9902680516242981,-0.1391730904579163,0.0000000000000000,0.0000000000000000,0.0000000000000000,1.0000000000000000
M 0.9925461411476135,-0.0000000053270792,-0.1218693628907204,0.0074538541957736,0.0000000000000000,1.0000000000000000,-0.0000000437113883,0.0000000000000000,0.1218693628907204,0.0000000433855689,0.9925461411476135,-0.1218693628907204,0.0000000000000000,0.0000000000000000,0.0000000000000000,1.0000000000000000
M 0.9945219159126282,-0.0000000045690842,-0.1045284643769264,0.0054780798964202,0.0000000000000000,1.0000000000000000,-0.0000000437113883,0.0000000000000000,0.1045284643769264,0.0000000434719354,0.9945219159126282,-0.1045284643769264,0.0000000000000000,0.0000000000000000,0.0000000000000000,1.0000000000000000
M 0.9961947202682495,-0.0000000038096974,-0.0871557220816612,0.0038052764721215,0.0000000000000000,1.0000000000000000,-0.0000000437113883,0.0000000000000000,0.0871557220816612,0.0000000435450538,0.9961947202682495,-0.0871557220816612,0.0000000000000000,0.0000000000000000,0.0000000000000000,1.0000000000000000
M 0.9975640773773193,-0.0000000030491532,-0.0697564929723740,0.0024359200615436,0.0000000000000000,1.0000000000000000,-0.0000000437113883,0.0000000000000000,0.0697564929723740,0.0000000436049099,0.9975640773773193,-0.0697564929723740,0.0000000000000000,0.0000000000000000,0.0000000000000000,1.0000000000000000
M 0.9986295104026794,-0.0000000022876774,-0.0523359589278698,0.0013704876182601,0.0000000000000000,1.0000000000000000,-0.0000000437113883,0.0000000000000000,0.0523359589278698,0.0000000436514824,0.9986295104026794,-0.0523359589278698,0.0000000000000000,0.0000000000000000,0.0000000000000000,1.0000000000000000
M 0.9993908405303955,-0.0000000015255072,-0.0348995365202427,0.0006091581308283,0.0000000000000000,1.0000000000000000,-0.0000000437113883,0.0000000000000000,0.0348995365202427,0.0000000436847607,0.9993908405303955,-0.0348995365202427,0.0000000000000000,0.0000000000000000,0.0000000000000000,1.0000000000000000
M 0.9998477101325989,-0.0000000007628672,-0.0174523666501045,0.0001522891980130,0.0000000000000000,1.0000000000000000,-0.0000000437113883,0.0000000000000000,0.0174523666501045,0.0000000437047305,0.9998477101325989,-0.0174523666501045,0.0000000000000000,0.0000000000000000,0.0000000000000000,1.0000000000000000
M 1.0000000000000000,0.0000000000000000,0.0000000000000000,0.0000000000000000,0.0000000000000000,1.0000000000000000,-0.0000000437113883,0.0000000000000000,-0.0000000000000000,0.0000000437113883,1.0000000000000000,-0.0000000000000000,0.0000000000000000,0.0000000000000000,0.0000000000000000,1.0000000000000000
M 0.9998477101325989,0.0000000007628689,0.0174524057656527,0.0001522905367892,0.0000000000000000,1.0000000000000000,-0.0000000437113883,0.0000000000000000,-0.0174524057656527,0.0000000437047305,0.9998477101325989,0.0174524057656527,0.0000000000000000,0.0000000000000000,0.0000000000000000,1.0000000000000000
M 0.9993908405303955,0.0000000015255054,0.0348994955420494,0.0006091608083807,0.0000000000000000,1.0000000000000000,-0.0000000437113883,0.0000000000000000,-0.0348994955420494,0.0000000436847607,0.9993908405303955,0.0348994955420494,0.0000000000000000,0.0000000000000000,0.0000000000000000,1.0000000000000000
M 0.9986295104026794,0.0000000022876774,0.0523359589278698,0.0013704915763810,0.0000000000000000,1.0000000000000000,-0.0000000437113883,0.0000000000000000,-0.0523359589278698,0.0000000436514824,0.9986295104026794,0.0523359589278698,0.0000000000000000,0.0000000000000000,0.0000000000000000,1.0000000000000000
M 0.9975640773773193,0.0000000030491523,0.0697564706206322,0.0024359251838177,0.0000000000000000,1.0000000000000000,-0.0000000437113883,0.0000000000000000,-0.0697564706206322,0.0000000436049099,0.9975640773773193,0.0697564706206322,0.0000000000000000,0.0000000000000000,0.0000000000000000,1.0000000000000000
M 0.9961947202682495,0.0000000038096988,0.0871557444334030,0.0038052829913795,0.0000000000000000,1.0000000000000000,-0.0000000437113883,0.0000000000000000,-0.0871557444334030,0.0000000435450538,0.9961947202682495,0.0871557444334030,0.0000000000000000,0.0000000000000000,0.0000000000000000,1.0000000000000000
M 0.9945219159126282,0.0000000045690842,0.1045284643769264,0.0054780882783234,0.0000000000000000,1.0000000000000000,-0.0000000437113883,0.0000000000000000,-0.1045284643769264,0.0000000434719354,0.9945219159126282,0.1045284643769264,0.0000000000000000,0.0000000000000000,0.0000000000000000,1.0000000000000000
M 0.9925461411476135,0.0000000053270783,0.1218693479895592,0.0074538635089993,0.0000000000000000,1.0000000000000000,-0.0000000437113883,0.0000000000000000,-0.1218693479895592,0.0000000433855689,0.9925461411476135,0.1218693479895592,0.0000000000000000,0.0000000000000000,0.0000000000000000,1.0000000000000000
M 0.9902680516242981,0.0000000060834497,0.1391731053590775,0.0097319539636374,0.0000000000000000,1.0000000000000000,-0.0000000437113883,0.0000000000000000,-0.1391731053590775,0.0000000432859899,0.9902680516242981,0.1391731053590775,0.0000000000000000,0.0000000000000000,0.0000000000000000,1.0000000000000000
M 0.9876883625984192,0.0000000068379680,0.1564344763755798,0.0123116429895163,0.0000000000000000,1.0000000000000000,-0.0000000437113883,0.0000000000000000,-0.1564344763755798,0.0000000431732303,0.9876883625984192,0.1564344763755798,0.0000000000000000,0.0000000000000000,0.0000000000000000,1.0000000000000000
M 0.9848077297210693,0.0000000075904039,0.1736481934785843,0.0151922767981887,0.0000000000000000,1.0000000000000000,-0.0000000437113883,0.0000000000000000,-0.1736481934785843,0.0000000430473115,0.9848077297210693,0.1736481934785843,0.0000000000000000,0.0000000000000000,0.0000000000000000,1.0000000000000000
M 0.9816271662712097,0.0000000083405265,0.1908090114593506,0.0183728411793709,0.0000000000000000,1.0000000000000000,-0.0000000437113883,0.0000000000000000,-0.1908090114593506,0.0000000429082867,0.9816271662712097,0.1908090114593506,0.0000000000000000,0.0000000000000000,0.0000000000000000,1.0000000000000000
M 0.9781476259231567,0.0000000090881089,0.2079117000102997,0.0218523815274239,0.0000000000000000,1.0000000000000000,-0.0000000437113883,0.0000000000000000,-0.2079117000102997,0.0000000427561915,0.9781476259231567,0.2079117000102997,0.0000000000000000,0.0000000000000000,0.0000000000000000,1.0000000000000000
M 0.9743700623512268,0.0000000098329229,0.2249510586261749,0.0256299469619989,0.0000000000000000,1.0000000000000000,-0.0000000437113883,0.0000000000000000,-0.2249510586261749,0.0000000425910684,0.9743700623512268,0.2249510586261749,0.0000000000000000,0.0000000000000000,0.0000000000000000,1.0000000000000000
M 0.9702957272529602,0.0000000105747429,0.2419219166040421,0.0297042820602655,0.0000000000000000,1.0000000000000000,-0.0000000437113883,0.0000000000000000,-0.2419219166040421,0.0000000424129745,0.9702957272529602,0.2419219166040421,0.0000000000000000,0.0000000000000000,0.0000000000000000,1.0000000000000000
M 0.9659258127212524,0.0000000113133396,0.2588190436363220,0.0340741984546185,0.0000000000000000,1.0000000000000000,-0.0000000437113883,0.0000000000000000,-0.2588190436363220,0.0000000422219593,0.9659258127212524,0.2588190436363220,0.0000000000000000,0.0000000000000000,0.0000000000000000,1.0000000000000000
M 0.9612616896629333,0.0000000120484920,0.2756373584270477,0.0387383215129375,0.0000000000000000,1.0000000000000000,-0.0000000437113883,0.0000000000000000,-0.2756373584270477,0.0000000420180832,0.9612616896629333,0.2756373584270477,0.0000000000000000,0.0000000000000000,0.0000000000000000,1.0000000000000000
M 0.9563047289848328,0.0000000127799735,0.2923717200756073,0.0436952821910381,0.0000000000000000,1.0000000000000000,-0.0000000437113883,0.0000000000000000,-0.2923717200756073,0.0000000418014068,0.9563047289848328,0.2923717200756073,0.0000000000000000,0.0000000000000000,0.0000000000000000,1.0000000000000000
M 0.9510565400123596,0.0000000135075622,0.3090170025825500,0.0489434711635113,0.0000000000000000,1.0000000000000000,-0.0000000437113883,0.0000000000000000,-0.3090170025825500,0.0000000415720010,0.9510565400123596,0.3090170025825500,0.0000000000000000,0.0000000000000000,0.0000000000000000,1.0000000000000000
M 0.9455185532569885,0.0000000142310350,0.3255681395530701,0.0544814579188824,0.0000000000000000,1.0000000000000000,-0.0000000437113883,0.0000000000000000,-0.3255681395530701,0.0000000413299297,0.9455185532569885,0.3255681395530701,0.0000000000000000,0.0000000000000000,0.0000000000000000,1.0000000000000000
M 0.9396926164627075,0.0000000149501762,0.3420201539993286,0.0603073984384537,0.0000000000000000,1.0000000000000000,-0.0000000437113883,0.0000000000000000,-0.3420201539993286,0.0000000410752676,0.9396926164627075,0.3420201539993286,0.0000000000000000,0.0000000000000000,0.0000000000000000,1.0000000000000000
M 0.9335803985595703,0.0000000156647602,0.3583679497241974,0.0664196163415909,0.0000000000000000,1.0000000000000000,-0.0000000437113883,0.0000000000000000,-0.3583679497241974,0.0000000408080965,0.9335803985595703,0.3583679497241974,0.0000000000000000,0.0000000000000000,0.0000000000000000,1.0000000000000000
M 0.9271838665008545,0.0000000163745746,0.3746066093444824,0.0728161484003067,0.0000000000000000,1.0000000000000000,-0.0000000437113883,0.0000000000000000,-0.3746066093444824,0.0000000405284943,0.9271838665008545,0.3746066093444824,0.0000000000000000,0.0000000000000000,0.0000000000000000,1.0000000000000000
M 0.9205048680305481,0.0000000170793992,0.3907311260700226,0.0794951468706131,0.0000000000000000,1.0000000000000000,-0.0000000437113883,0.0000000000000000,-0.3907311260700226,0.0000000402365465,0.9205048680305481,0.3907311260700226,0.0000000000000000,0.0000000000000000,0.0000000000000000,1.0000000000000000
M 0.9135454297065735,0.0000000177790227,0.4067366421222687,0.0864545851945877,0.0000000000000000,1.0000000000000000,-0.0000000437113883,0.0000000000000000,-0.4067366421222687,0.0000000399323383,0.9135454297065735,0.4067366421222687,0.0000000000000000,0.0000000000000000,0.0000000000000000,1.0000000000000000
M 0.9063077569007874,0.0000000184732318,0.4226182699203491,0.0936922580003738,0.0000000000000000,1.0000000000000000,-0.0000000437113883,0.0000000000000000,-0.4226182699203491,0.0000000396159692,0.9063077569007874,0.4226182699203491,0.0000000000000000,0.0000000000000000,0.0000000000000000,1.0000000000000000
M 0.8987940549850464,0.0000000191618135,0.4383711814880371,0.1012059599161148,0.0000000000000000,1.0000000000000000,-0.0000000437113883,0.0000000000000000,-0.4383711814880371,0.0000000392875350,0.8987940549850464,0.4383711814880371,0.0000000000000000,0.0000000000000000,0.0000000000000000,1.0000000000000000
M 0.8910065293312073,0.0000000198445562,0.4539905190467834,0.1089934855699539,0.0000000000000000,1.0000000000000000,-0.0000000437113883,0.0000000000000000,-0.4539905190467834,0.0000000389471317,0.8910065293312073,0.4539905190467834,0.0000000000000000,0.0000000000000000,0.0000000000000000,1.0000000000000000
M 0.8829475641250610,0.0000000205212558,0.4694716036319733,0.1170524507761002,0.0000000000000000,1.0000000000000000,-0.0000000437113883,0.0000000000000000,-0.4694716036319733,0.0000000385948624,0.8829475641250610,0.4694716036319733,0.0000000000000000,0.0000000000000000,0.0000000000000000,1.0000000000000000
M 0.8746197223663330,0.0000000211917008,0.4848096072673798,0.1253802925348282,0.0000000000000000,1.0000000000000000,-0.0000000437113883,0.0000000000000000,-0.4848096072673798,0.0000000382308407,0.8746197223663330,0.4848096072673798,0.0000000000000000,0.0000000000000000,0.0000000000000000,1.0000000000000000
M 0.8660253882408142,0.0000000218556941,0.5000000000000000,0.1339746266603470,0.0000000000000000,1.0000000000000000,-0.0000000437113883,0.0000000000000000,-0.5000000000000000,0.0000000378551732,0.8660253882408142,0.5000000000000000,0.0000000000000000,0.0000000000000000,0.0000000000000000,1.0000000000000000
M 0.8571673035621643,0.0000000225130314,0.5150381326675415,0.1428327113389969,0.0000000000000000,1.0000000000000000,-0.0000000437113883,0.0000000000000000,-0.5150381326675415,0.0000000374679736,0.8571673035621643,0.5150381326675415,0.0000000000000000,0.0000000000000000,0.0000000000000000,1.0000000000000000
M 0.8480480909347534,0.0000000231635067,0.5299192667007446,0.1519519239664078,0.0000000000000000,1.0000000000000000,-0.0000000437113883,0.0000000000000000,-0.5299192667007446,0.0000000370693591,0.8480480909347534,0.5299192667007446,0.0000000000000000,0.0000000000000000,0.0000000000000000,1.0000000000000000
M 0.8386705517768860,0.0000000238069298,0.5446390509605408,0.1613294631242752,0.0000000000000000,1.0000000000000000,-0.0000000437113883,0.0000000000000000,-0.5446390509605408,0.0000000366594541,0.8386705517768860,0.5446390509605408,0.0000000000000000,0.0000000000000000,0.0000000000000000,1.0000000000000000
M 0.8290375471115112,0.0000000244431000,0.5591929554939270,0.1709624677896500,0.0000000000000000,1.0000000000000000,-0.0000000437113883,0.0000000000000000,-0.5591929554939270,0.0000000362383830,0.8290375471115112,0.5591929554939270,0.0000000000000000,0.0000000000000000,0.0000000000000000,1.0000000000000000
M 0.8191519975662231,0.0000000250718255,0.5735765099525452,0.1808480173349380,0.0000000000000000,1.0000000000000000,-0.0000000437113883,0.0000000000000000,-0.5735765099525452,0.0000000358062699,0.8191519975662231,0.5735765099525452,0.0000000000000000,0.0000000000000000,0.0000000000000000,1.0000000000000000
M 0.8090170025825500,0.0000000256929091,0.5877852439880371,0.1909830272197723,0.0000000000000000,1.0000000000000000,-0.0000000437113883,0.0000000000000000,-0.5877852439880371,0.0000000353632572,0.8090170025825500,0.5877852439880371,0.0000000000000000,0.0000000000000000,0.0000000000000000,1.0000000000000000
M 0.7986354827880859,0.0000000263061715,0.6018150448799133,0.2013645470142365,0.0000000000000000,1.0000000000000000,-0.0000000437113883,0.0000000000000000,-0.6018150448799133,0.0000000349094655,0.7986354827880859,0.6018150448799133,0.0000000000000000,0.0000000000000000,0.0000000000000000,1.0000000000000000
M 0.7880107760429382,0.0000000269114189,0.6156615018844604,0.2119892537593842,0.0000000000000000,1.0000000000000000,-0.0000000437113883,0.0000000000000000,-0.6156615018844604,0.0000000344450442,0.7880107760429382,0.6156615018844604,0.0000000000000000,0.0000000000000000,0.0000000000000000,1.0000000000000000
M 0.7771459221839905,0.0000000275084684,0.6293203830718994,0.2228541076183319,0.0000000000000000,1.0000000000000000,-0.0000000437113883,0.0000000000000000,-0.6293203830718994,0.0000000339701280,0.7771459221839905,0.6293203830718994,0.0000000000000000,0.0000000000000000,0.0000000000000000,1.0000000000000000
M 0.7660444378852844,0.0000000280971406,0.6427876353263855,0.2339555919170380,0.0000000000000000,1.0000000000000000,-0.0000000437113883,0.0000000000000000,-0.6427876353263855,0.0000000334848664,0.7660444378852844,0.6427876353263855,0.0000000000000000,0.0000000000000000,0.0000000000000000,1.0000000000000000
M 0.7547096014022827,0.0000000286772508,0.6560590267181396,0.2452904284000397,0.0000000000000000,1.0000000000000000,-0.0000000437113883,0.0000000000000000,-0.6560590267181396,0.0000000329894050,0.7547096014022827,0.6560590267181396,0.0000000000000000,0.0000000000000000,0.0000000000000000,1.0000000000000000
M 0.7431448101997375,0.0000000292486284,0.6691306233406067,0.2568552196025848,0.0000000000000000,1.0000000000000000,-0.0000000437113883,0.0000000000000000,-0.6691306233406067,0.0000000324838929,0.7431448101997375,0.6691306233406067,0.0000000000000000,0.0000000000000000,0.0000000000000000,1.0000000000000000
M 0.7313537001609802,0.0000000298110940,0.6819983720779419,0.2686463296413422,0.0000000000000000,1.0000000000000000,-0.0000000437113883,0.0000000000000000,-0.6819983720779419,0.0000000319684865,0.7313537001609802,0.6819983720779419,0.0000000000000000,0.0000000000000000,0.0000000000000000,1.0000000000000000
M 0.7193397283554077,0.0000000303644825,0.6946583986282349,0.2806603014469147,0.0000000000000000,1.0000000000000000,-0.0000000437113883,0.0000000000000000,-0.6946583986282349,0.0000000314433386,0.7193397283554077,0.6946583986282349,0.0000000000000000,0.0000000000000000,0.0000000000000000,1.0000000000000000
M 0.7071067690849304,0.0000000309086197,0.7071067690849304,0.2928932607173920,0.0000000000000000,1.0000000000000000,-0.0000000437113883,0.0000000000000000,-0.7071067690849304,0.0000000309086197,0.7071067690849304,0.7071067690849304,0.0000000000000000,0.0000000000000000,0.0000000000000000,1.0000000000000000
O COUPLED_FRONT_2_HIDE_INVERT
A COUPLED_FRONT_2_HIDE_INVERT
M 0.7071067690849304,-0.0000000309086197,-0.7071067690849304,-0.2928932309150696,0.0000000000000000,1.0000000000000000,-0.0000000437113883,0.0000000000000000,0.7071067690849304,0.0000000309086197,0.7071067690849304,0.7071067690849304,0.0000000000000000,0.0000000000000000,0.0000000000000000,1.0000000000000000
M 0.7193397879600525,-0.0000000303644825,-0.6946583986282349,-0.2806602120399475,0.0000000000000000,1.0000000000000000,-0.0000000437113883,0.0000000000000000,0.6946583986282349,0.0000000314433422,0.7193397879600525,0.6946583986282349,0.0000000000000000,0.0000000000000000,0.0000000000000000,1.0000000000000000
M 0.7313537001609802,-0.0000000298110940,-0.6819983720779419,-0.2686462998390198,0.0000000000000000,1.0000000000000000,-0.0000000437113883,0.0000000000000000,0.6819983720779419,0.0000000319684865,0.7313537001609802,0.6819983720779419,0.0000000000000000,0.0000000000000000,0.0000000000000000,1.0000000000000000
M 0.7431448101997375,-0.0000000292486284,-0.6691306233406067,-0.2568551898002625,0.0000000000000000,1.0000000000000000,-0.0000000437113883,0.0000000000000000,0.6691306233406067,0.0000000324838929,0.7431448101997375,0.6691306233406067,0.0000000000000000,0.0000000000000000,0.0000000000000000,1.0000000000000000
M 0.7547096014022827,-0.0000000286772508,-0.6560590267181396,-0.2452903985977173,0.0000000000000000,1.0000000000000000,-0.0000000437113883,0.0000000000000000,0.6560590267181396,0.0000000329894050,0.7547096014022827,0.6560590267181396,0.0000000000000000,0.0000000000000000,0.0000000000000000,1.0000000000000000
M 0.7660444378852844,-0.0000000280971406,-0.6427876353263855,-0.2339555621147156,0.0000000000000000,1.0000000000000000,-0.0000000437113883,0.0000000000000000,0.6427876353263855,0.0000000334848664,0.7660444378852844,0.6427876353263855,0.0000000000000000,0.0000000000000000,0.0000000000000000,1.0000000000000000
M 0.7771459221839905,-0.0000000275084684,-0.6293203830718994,-0.2228540778160095,0.0000000000000000,1.0000000000000000,-0.0000000437113883,0.0000000000000000,0.6293203830718994,0.0000000339701280,0.7771459221839905,0.6293203830718994,0.0000000000000000,0.0000000000000000,0.0000000000000000,1.0000000000000000
M 0.7880107760429382,-0.0000000269114189,-0.6156615018844604,-0.2119892239570618,0.0000000000000000,1.0000000000000000,-0.0000000437113883,0.0000000000000000,0.6156615018844604,0.0000000344450442,0.7880107760429382,0.6156615018844604,0.0000000000000000,0.0000000000000000,0.0000000000000000,1.0000000000000000
M 0.7986354827880859,-0.0000000263061715,-0.6018150448799133,-0.2013645172119141,0.0000000000000000,1.0000000000000000,-0.0000000437113883,0.0000000000000000,0.6018150448799133,0.0000000349094655,0.7986354827880859,0.6018150448799133,0.0000000000000000,0.0000000000000000,0.0000000000000000,1.0000000000000000
M 0.8090170025825500,-0.0000000256929091,-0.5877852439880371,-0.1909829974174500,0.0000000000000000,1.0000000000000000,-0.0000000437113883,0.0000000000000000,0.5877852439880371,0.0000000353632572,0.8090170025825500,0.5877852439880371,0.0000000000000000,0.0000000000000000,0.0000000000000000,1.0000000000000000
M 0.8191520571708679,-0.0000000250718237,-0.5735764503479004,-0.1808479428291321,0.0000000000000000,1.0000000000000000,-0.0000000437113883,0.0000000000000000,0.5735764503479004,0.0000000358062735,0.8191520571708679,0.5735764503479004,0.0000000000000000,0.0000000000000000,0.0000000000000000,1.0000000000000000
M 0.8290376067161560,-0.0000000244430982,-0.5591928958892822,-0.1709623932838440,0.0000000000000000,1.0000000000000000,-0.0000000437113883,0.0000000000000000,0.5591928958892822,0.0000000362383830,0.8290376067161560,0.5591928958892822,0.0000000000000000,0.0000000000000000,0.0000000000000000,1.0000000000000000
M 0.8386705517768860,-0.0000000238069298,-0.5446390509605408,-0.1613294482231140,0.0000000000000000,1.0000000000000000,-0.0000000437113883,0.0000000000000000,0.5446390509605408,0.0000000366594541,0.8386705517768860,0.5446390509605408,0.0000000000000000,0.0000000000000000,0.0000000000000000,1.0000000000000000
M 0.8480480909347534,-0.0000000231635067,-0.5299192667007446,-0.1519519090652466,0.0000000000000000,1.0000000000000000,-0.0000000437113883,0.0000000000000000,0.5299192667007446,0.0000000370693591,0.8480480909347534,0.5299192667007446,0.0000000000000000,0.0000000000000000,0.0000000000000000,1.0000000000000000
M 0.8571673035621643,-0.0000000225130314,-0.5150381326675415,-0.1428326964378357,0.0000000000000000,1.0000000000000000,-0.0000000437113883,0.0000000000000000,0.5150381326675415,0.0000000374679736,0.8571673035621643,0.5150381326675415,0.0000000000000000,0.0000000000000000,0.0000000000000000,1.0000000000000000
M 0.8660253882408142,-0.0000000218556941,-0.5000000000000000,-0.1339746117591858,0.0000000000000000,1.0000000000000000,-0.0000000437113883,0.0000000000000000,0.5000000000000000,0.0000000378551732,0.8660253882408142,0.5000000000000000,0.0000000000000000,0.0000000000000000,0.0000000000000000,1.0000000000000000
M 0.8746197223663330,-0.0000000211917008,-0.4848096072673798,-0.1253802776336670,0.0000000000000000,1.0000000000000000,-0.0000000437113883,0.0000000000000000,0.4848096072673798,0.0000000382308407,0.8746197223663330,0.4848096072673798,0.0000000000000000,0.0000000000000000,0.0000000000000000,1.0000000000000000
M 0.8829475641250610,-0.0000000205212540,-0.4694715738296509,-0.1170524358749390,0.0000000000000000,1.0000000000000000,-0.0000000437113883,0.0000000000000000,0.4694715738296509,0.0000000385948624,0.8829475641250610,0.4694715738296509,0.0000000000000000,0.0000000000000000,0.0000000000000000,1.0000000000000000
M 0.8910065293312073,-0.0000000198445562,-0.4539905190467834,-0.1089934706687927,0.0000000000000000,1.0000000000000000,-0.0000000437113883,0.0000000000000000,0.4539905190467834,0.0000000389471317,0.8910065293312073,0.4539905190467834,0.0000000000000000,0.0000000000000000,0.0000000000000000,1.0000000000000000
M 0.8987940549850464,-0.0000000191618135,-0.4383711814880371,-0.1012059450149536,0.0000000000000000,1.0000000000000000,-0.0000000437113883,0.0000000000000000,0.4383711814880371,0.0000000392875350,0.8987940549850464,0.4383711814880371,0.0000000000000000,0.0000000000000000,0.0000000000000000,1.0000000000000000
M 0.9063077569007874,-0.0000000184732318,-0.4226182699203491,-0.0936922430992126,0.0000000000000000,1.0000000000000000,-0.0000000437113883,0.0000000000000000,0.4226182699203491,0.0000000396159692,0.9063077569007874,0.4226182699203491,0.0000000000000000,0.0000000000000000,0.0000000000000000,1.0000000000000000
M 0.9135454297065735,-0.0000000177790227,-0.4067366421222687,-0.0864545702934265,0.0000000000000000,1.0000000000000000,-0.0000000437113883,0.0000000000000000,0.4067366421222687,0.0000000399323383,0.9135454297065735,0.4067366421222687,0.0000000000000000,0.0000000000000000,0.0000000000000000,1.0000000000000000
M 0.9205048680305481,-0.0000000170793992,-0.3907311260700226,-0.0794951319694519,0.0000000000000000,1.0000000000000000,-0.0000000437113883,0.0000000000000000,0.3907311260700226,0.0000000402365465,0.9205048680305481,0.3907311260700226,0.0000000000000000,0.0000000000000000,0.0000000000000000,1.0000000000000000
M 0.9271838665008545,-0.0000000163745746,-0.3746066093444824,-0.0728161334991455,0.0000000000000000,1.0000000000000000,-0.0000000437113883,0.0000000000000000,0.3746066093444824,0.0000000405284943,0.9271838665008545,0.3746066093444824,0.0000000000000000,0.0000000000000000,0.0000000000000000,1.0000000000000000
M 0.9335803985595703,-0.0000000156647602,-0.3583679497241974,-0.0664196014404297,0.0000000000000000,1.0000000000000000,-0.0000000437113883,0.0000000000000000,0.3583679497241974,0.0000000408080965,0.9335803985595703,0.3583679497241974,0.0000000000000000,0.0000000000000000,0.0000000000000000,1.0000000000000000
M 0.9396926164627075,-0.0000000149501762,-0.3420201539993286,-0.0603073835372925,0.0000000000000000,1.0000000000000000,-0.0000000437113883,0.0000000000000000,0.3420201539993286,0.0000000410752676,0.9396926164627075,0.3420201539993286,0.0000000000000000,0.0000000000000000,0.0000000000000000,1.0000000000000000
M 0.9455185532569885,-0.0000000142310350,-0.3255681395530701,-0.0544814467430115,0.0000000000000000,1.0000000000000000,-0.0000000437113883,0.0000000000000000,0.3255681395530701,0.0000000413299297,0.9455185532569885,0.3255681395530701,0.0000000000000000,0.0000000000000000,0.0000000000000000,1.0000000000000000
M 0.9510565400123596,-0.0000000135075622,-0.3090170025825500,-0.0489434599876404,0.0000000000000000,1.0000000000000000,-0.0000000437113883,0.0000000000000000,0.3090170025825500,0.0000000415720010,0.9510565400123596,0.3090170025825500,0.0000000000000000,0.0000000000000000,0.0000000000000000,1.0000000000000000
M 0.9563047885894775,-0.0000000127799726,-0.2923716902732849,-0.0436952114105225,0.0000000000000000,1.0000000000000000,-0.0000000437113883,0.0000000000000000,0.2923716902732849,0.0000000418014103,0.9563047885894775,0.2923716902732849,0.0000000000000000,0.0000000000000000,0.0000000000000000,1.0000000000000000
M 0.9612616896629333,-0.0000000120484929,-0.2756373882293701,-0.0387383103370667,0.0000000000000000,1.0000000000000000,-0.0000000437113883,0.0000000000000000,0.2756373882293701,0.0000000420180832,0.9612616896629333,0.2756373882293701,0.0000000000000000,0.0000000000000000,0.0000000000000000,1.0000000000000000
M 0.9659258127212524,-0.0000000113133396,-0.2588190436363220,-0.0340741872787476,0.0000000000000000,1.0000000000000000,-0.0000000437113883,0.0000000000000000,0.2588190436363220,0.0000000422219593,0.9659258127212524,0.2588190436363220,0.0000000000000000,0.0000000000000000,0.0000000000000000,1.0000000000000000
M 0.9702957272529602,-0.0000000105747420,-0.2419218868017197,-0.0297042727470398,0.0000000000000000,1.0000000000000000,-0.0000000437113883,0.0000000000000000,0.2419218868017197,0.0000000424129745,0.9702957272529602,0.2419218868017197,0.0000000000000000,0.0000000000000000,0.0000000000000000,1.0000000000000000
M 0.9743700623512268,-0.0000000098329238,-0.2249510735273361,-0.0256299376487732,0.0000000000000000,1.0000000000000000,-0.0000000437113883,0.0000000000000000,0.2249510735273361,0.0000000425910684,0.9743700623512268,0.2249510735273361,0.0000000000000000,0.0000000000000000,0.0000000000000000,1.0000000000000000
M 0.9781476259231567,-0.0000000090881089,-0.2079117000102997,-0.0218523740768433,0.0000000000000000,1.0000000000000000,-0.0000000437113883,0.0000000000000000,0.2079117000102997,0.0000000427561915,0.9781476259231567,0.2079117000102997,0.0000000000000000,0.0000000000000000,0.0000000000000000,1.0000000000000000
M 0.9816271662712097,-0.0000000083405256,-0.1908089816570282,-0.0183728337287903,0.0000000000000000,1.0000000000000000,-0.0000000437113883,0.0000000000000000,0.1908089816570282,0.0000000429082867,0.9816271662712097,0.1908089816570282,0.0000000000000000,0.0000000000000000,0.0000000000000000,1.0000000000000000
M 0.9848077297210693,-0.0000000075904021,-0.1736481487751007,-0.0151922702789307,0.0000000000000000,1.0000000000000000,-0.0000000437113883,0.0000000000000000,0.1736481487751007,0.0000000430473115,0.9848077297210693,0.1736481487751007,0.0000000000000000,0.0000000000000000,0.0000000000000000,1.0000000000000000
M 0.9876883625984192,-0.0000000068379680,-0.1564344763755798,-0.0123116374015808,0.0000000000000000,1.0000000000000000,-0.0000000437113883,0.0000000000000000,0.1564344763755798,0.0000000431732303,0.9876883625984192,0.1564344763755798,0.0000000000000000,0.0000000000000000,0.0000000000000000,1.0000000000000000
